-1.83438280200000
-1.83438280200000
-1.83438280200000
-1.83438280200000
-1.83438280200000
-1.83438280200000
-1.83438280200000
-1.83438280200000
-1.83438280200000
-1.83438280200000
-1.83438280200000
-1.83438280200000
-1.83438280200000
-1.83438280200000
-1.83438280200000
-1.83438280200000
-1.83438280200000
-1.83438280200000
-1.83438280200000
-1.83438280200000
-1.83438280200000
-1.83438280200000
-1.83438280200000
-1.83438280200000
-1.83438280200000
-1.83438280200000
-1.83438280200000
-1.83438280200000
-1.83438280200000
-1.83438280200000
-1.83438280200000
-1.83438280200000
-1.83438280200000
-1.83438280200000
-1.83438280200000
-1.83438280200000
-1.83438280200000
-1.83438280200000
-1.83438280200000
-1.83438280200000
-1.83438280200000
-1.83438280200000
-1.83438280200000
-1.83438280200000
-1.83438280200000
-1.83438280200000
-1.83438280200000
-1.83438280200000
-1.83438280200000
-1.83438280200000
-1.83438280200000
-1.83438280200000
-1.83438280200000
-1.83438280200000
-1.83438280200000
-1.83438280200000
-1.83438280200000
-1.83438280200000
-1.83438280200000
-1.83438280200000
-1.83438280200000
-1.83438280200000
-1.83438280200000
-1.83438280200000
-1.83438280200000
-1.83438280200000
-1.83438280200000
-1.83438280200000
-1.83438280200000
-1.83438280200000
-1.83438280200000
-1.83438280200000
-1.83438280200000
-1.83438280200000
-1.83438280200000
-1.83438280200000
-1.83438280200000
-1.83438280200000
-1.83438280200000
-1.83438280200000
-1.83438280200000
-1.83438280200000
-1.83438280200000
-1.83438280200000
-1.83438280200000
-1.83438280200000
-1.83438280200000
-1.83438280200000
-1.83438280200000
-1.83438280200000
-1.83438280200000
-1.83438280200000
-1.83438280200000
-1.83438280200000
-1.83438280200000
-1.83438280200000
-1.83438280200000
-1.83438280200000
-1.83438280200000
-1.83438280200000
-1.83438280200000
-1.83438280200000
-1.83438280200000
-1.83438280200000
-1.83438280200000
-1.83438280200000
-1.83438280200000
-1.83438280200000
-1.83438280200000
-1.83438280200000
-1.83438280200000
-1.83438280200000
-1.83438280200000
-1.83438280200000
-1.83438280200000
-1.83438280200000
-1.83438280200000
-1.83438280200000
-1.83438280200000
-1.83438280200000
-1.68443919500000
-1.53562460400000
-1.38906804700000
-1.24589854200000
-1.10724510500000
-0.974236754500000
-0.848002506200000
-0.729671377800000
-0.620372386400000
-0.521234549200000
-0.433070920700000
-0.355430705500000
-0.287547145700000
-0.228653483400000
-0.177982960600000
-0.134768819400000
-0.0982443018700000
-0.0676426500900000
-0.0421971061300000
-0.0211409120500000
-0.00379006023900000
0.0102084556700000
0.0211248917300000
0.0292295040000000
0.0347925485200000
0.0380842813600000
0.0393749585600000
0.0389348361700000
0.0370341702500000
0.0339432168500000
0.0299172745300000
0.0251518118600000
0.0198273399000000
0.0141243697400000
0.00822341244600000
0.00230497908500000
-0.00345041926500000
-0.00886227153400000
-0.0137500666500000
-0.0179332935300000
-0.0212775519700000
-0.0238328851100000
-0.0256954469800000
-0.0269613915800000
-0.0277268729200000
-0.0280880450200000
-0.0281410618900000
-0.0279820775300000
-0.0277072459600000
-0.0274127211900000
-0.0271750932900000
-0.0269926965600000
-0.0268443013900000
-0.0267086781200000
-0.0265645971400000
-0.0263908288100000
-0.0261661434900000
-0.0258693115600000
-0.0254791033800000
-0.0249742893300000
-0.0243409434500000
-0.0235943546100000
-0.0227571153300000
-0.0218518181700000
-0.0209010556600000
-0.0199274203300000
-0.0189535047400000
-0.0180019014300000
-0.0170952029200000
-0.0162560017700000
-0.0155006422400000
-0.0148204754800000
-0.0142006043600000
-0.0136261317600000
-0.0130821605700000
-0.0125537936400000
-0.0120261338600000
-0.0114842841100000
-0.0109133472600000
-0.0102984261800000
-0.00962884557900000
-0.00891081743700000
-0.00815477556900000
-0.00737115378500000
-0.00657038589600000
-0.00576290571200000
-0.00495914704600000
-0.00416954370800000
-0.00340452950800000
-0.00267453825800000
-0.00198746920300000
-0.00134108332000000
-0.000730607022500000
-0.000151266721600000
0.000401711170400000
0.000933100241600000
0.00144767408000000
0.00195020627300000
0.00244547040900000
0.00293824007600000
0.00343141912900000
0.00392043248500000
0.00439883533000000
0.00486018284800000
0.00529803022500000
0.00570593264500000
0.00607744529400000
0.00640612335600000
0.00668552201500000
0.00690919645700000
0.00707339686900000
0.00718515344400000
0.00725419137800000
0.00729023586600000
0.00730301210400000
0.00730224528800000
0.00729766061200000
0.00729898327200000
0.00731593846400000
0.00735825138400000
0.00743255709600000
0.00753313014500000
0.00765115494500000
0.00777781591000000
0.00790429745400000
0.00802178399000000
0.00812145993400000
0.00819450969900000
0.00823211769900000
0.00822546834800000
0.00816783007300000
0.00806080735200000
0.00790808867700000
0.00771336254000000
0.00748031743200000
0.00721264184400000
0.00691402426900000
0.00658815319700000
0.00623871711900000
0.00586940452900000
0.00548392336200000
0.00508605934200000
0.00467961763500000
0.00426840341100000
0.00385622183700000
0.00344687808200000
0.00304417731300000
0.00265192469800000
0.00227392540700000
0.00191398460600000
0.00157498427400000
0.00125611362200000
0.000955638675800000
0.000671825456300000
0.000402939986700000
0.000147248289700000
-9.69836119000000e-05
-0.000331489695400000
-0.000558003938000000
-0.000778260317100000
-0.000993071924800000
-0.00119956831300000
-0.00139395815000000
-0.00157245010300000
-0.00173125283800000
-0.00186657502300000
-0.00197462532600000
-0.00205161241300000
-0.00209374495300000
-0.00209723161200000
-0.00205983541000000
-0.00198553678500000
-0.00187987052400000
-0.00174837141700000
-0.00159657425200000
-0.00143001381900000
-0.00125422490600000
-0.00107474230300000
-0.000897100798900000
-0.000726835182100000
-0.000568616022500000
-0.000423657012000000
-0.000292307623200000
-0.000174917328400000
-7.18356002200000e-05
1.65880888300000e-05
9.00042662800000e-05
0.000148063459600000
0.000190416196400000
0.000216713004000000
0.000227143750800000
0.000224055668100000
0.000210335328200000
0.000188869303000000
0.000162544164900000
0.000134246485900000
0.000106862838100000
8.32797938500000e-05
6.63839251300000e-05
5.90618041400000e-05
6.34814603300000e-05
7.89367523900000e-05
0.000104002996300000
0.000137255508100000
0.000177269603700000
0.000222620599200000
0.000271883810500000
0.000323634553600000
0.000376448144600000
0.000428899899300000
0.000479634766800000
0.000527576227100000
0.000571717393400000
0.000611051378700000
0.000644571296000000
0.000671270258600000
0.000690141379400000
0.000700177771500000
0.000700372548100000
0.000689718822000000
0.000667587996500000
0.000634864633900000
0.000592811587000000
0.000542691708200000
0.000485767850100000
0.000423302865100000
0.000356559605900000
0.000286800924900000
0.000215289674700000
0.000143288707800000
7.20275415400000e-05
2.60235239100000e-06
-6.39240183400000e-05
-0.000126488729400000
-0.000184028939400000
-0.000235481807200000
-0.000279784491500000
-0.000315874150900000
-0.000342687944200000
-0.000359163030100000
-0.000364646004200000
-0.000360121209600000
-0.000346982426400000
-0.000326623434500000
-0.000300438013900000
-0.000269819944700000
-0.000236163006900000
-0.000200860980500000
-0.000165307645500000
-0.000130896781900000
-9.89073139800000e-05
-7.01587427600000e-05
-4.53557136100000e-05
-2.52028718200000e-05
-1.04048627200000e-05
-1.66633163100000e-06
3.08076143100000e-07
-5.18628471800000e-06
-1.88540595300000e-05
-4.13998936100000e-05
-7.30024113200000e-05
-0.000111736153200000
-0.000155149639000000
-0.000200791388200000
-0.000246209920400000
-0.000288953755300000
-0.000326571412600000
-0.000356611411700000
-0.000376622272400000
-0.000384152514200000
-0.000377656514500000
-0.000359212080900000
-0.000331802879000000
-0.000298412574200000
-0.000262024831800000
-0.000225623317200000
-0.000192191696000000
-0.000164713633600000
-0.000146172795200000
-0.000139552846500000
-0.000146810631200000
-0.000165795707000000
-0.000193330810000000
-0.000226238676300000
-0.000261342042000000
-0.000295463643200000
-0.000325426216100000
-0.000348052496700000
-0.000360165221100000
-0.000358587125400000
-0.000341014378300000
-0.000308636878400000
-0.000263517956900000
-0.000207720944800000
-0.000143309173400000
-7.23459738800000e-05
3.10532270000000e-06
8.09813851300000e-05
0.000159218882300000
0.000235754483000000
0.000308596222300000
0.000376037600500000
0.000436443484000000
0.000488178739400000
0.000529608233100000
0.000559096831500000
0.000575009401200000
0.000575710808700000
0.000559565920400000
0.000524939602700000
0.000471161744100000
0.000401422320000000
0.000319876327900000
0.000230678765100000
0.000137984629100000
4.59489172300000e-05
-4.12733730700000e-05
-0.000119527244400000
-0.000184657699500000
-0.000232509740800000
-0.000259978094000000
-0.000268156377300000
-0.000259187931600000
-0.000235216098200000
-0.000198384218000000
-0.000150835632400000
-9.47136822200000e-05
-3.21617087500000e-05
3.46769469600000e-05
0.000103658943800000
0
0
0
0
0
0
0
0
0
0
0
0
0
0
0
0
0
0
0
0
0
0
0
0
0
0
0
0
0
0
0
0
0
0
0
0
0
0
0
0
0
0
0
0
0
0
0
0
0
0