-2.63502 
-2.63502 
-2.63502 
-2.63502 
-2.63502 
-2.63502 
-2.63502 
-2.63502 
-2.63502 
-2.63502 
-2.63502 
-2.63502 
-2.63502 
-2.63502 
-2.63502 
-2.63502 
-2.63502 
-2.63502 
-2.63502 
-2.63502 
-2.63502 
-2.63502 
-2.63502 
-2.63502 
-2.63502 
-2.63502 
-2.63502 
-2.63502 
-2.63502 
-2.63502 
-2.63502 
-2.63502 
-2.63502 
-2.63502 
-2.63502 
-2.63502 
-2.63502 
-2.63502 
-2.63502 
-2.63502 
-2.63502 
-2.63502 
-2.63502 
-2.63502 
-2.63502 
-2.63502 
-2.63502 
-2.63502 
-2.63502 
-2.63502 
-2.63502 
-2.63502 
-2.63502 
-2.63502 
-2.63502 
-2.63502 
-2.63502 
-2.63502 
-2.63502 
-2.63502 
-2.63502 
-2.63502 
-2.63502 
-2.63502 
-2.63502 
-2.63502 
-2.63502 
-2.63502 
-2.63502 
-2.63502 
-2.63502 
-2.63502 
-2.63502 
-2.63502 
-2.63502 
-2.63502 
-2.63502 
-2.63502 
-2.63502 
-2.63502 
-2.63502 
-2.63502 
-2.63502 
-2.63502 
-2.63502 
-2.63502 
-2.63502 
-2.63502 
-2.63502 
-2.63502 
-2.63502 
-2.63502 
-2.63502 
-2.63502 
-2.63502 
-2.63502 
-2.63502 
-2.63502 
-2.63502 
-2.63502 
-2.63502 
-2.63502 
-2.63502 
-2.63502 
-2.63502 
-2.63502 
-2.63502 
-2.63502 
-2.63502 
-2.63502 
-2.63502 
-2.63502 
-2.63502 
-2.63502 
-2.63502 
-2.63502 
-2.63502 
-2.63502 
-2.63502 
-2.63502 
-2.63502 
-2.63502 
-2.63502 
-2.63502 
-2.63502 
-2.63502 
-1.40362 
-1.13587 
-0.89462 
-0.71232 
-0.71690 
-0.68330 
-0.60621 
-0.47817 
-0.37172 
-0.25621 
-0.21966 
-0.11223 
-0.08613 
-0.00426 
0.03495 
0.05614 
0.06398 
0.07958 
0.08644 
0.09066 
0.07971 
0.12786 
0.11201 
0.15327 
0.10487 
0.07685 
0.08054 
0.03637 
0.02636 
0.01803 
0.02195 
0.00056 
-0.00401 
-0.01803 
-0.03912 
-0.06841 
-0.00088 
-0.05322 
-0.04832 
-0.07503 
-0.05090 
-0.06954 
-0.05787 
-0.06121 
-0.09613 
-0.03070 
-0.09157 
-0.06778 
-0.06123 
-0.08422 
-0.06389 
-0.07029 
-0.04881 
-0.09142 
-0.05084 
-0.05981 
-0.06697 
-0.06886 
-0.04322 
-0.06265 
-0.08593 
-0.05462 
-0.04599 
-0.05257 
-0.07134 
-0.03953 
-0.08487 
-0.01784 
-0.06449 
-0.03778 
-0.05798 
-0.04659 
-0.05135 
-0.04943 
-0.03140 
-0.05669 
-0.03445 
-0.03131 
-0.05945 
-0.03478 
-0.04524 
-0.03204 
-0.03470 
-0.04134 
-0.00709 
-0.05870 
-0.00307 
-0.05812 
-0.01621 
-0.01859 
-0.01862 
-0.03702 
0.00367 
-0.01906 
-0.02168 
-0.02260 
0.02368 
-0.04626 
0.01379 
-0.01739 
-0.00500 
0.00190 
-0.00090 
-0.00434 
-0.00102 
0.01233 
0.00186 
0.01054 
-0.00017 
0.01907 
-0.00114 
0.02290 
0.00141 
0.02167 
0.02493 
0.01895 
0.00554 
0.02423 
0.01853 
0.02207 
0.01698 
0.01806 
0.02778 
0.02883 
0.02345 
0.02464 
0.01713 
0.03762 
0.01791 
0.04701 
0.00775 
0.03161 
0.03579 
0.03200 
0.01845 
0.03817 
0.02493 
0.02372 
0.01932 
0.02708 
0.02101 
0.02611 
0.02147 
0.00999 
0.01725 
0.01296 
0.02410 
-0.00521 
-0.00126 
0.01147 
0.00137 
0.00199 
-0.00956 
0.00937 
-0.00874 
0.00272 
0.00256 
-0.02013 
0.00709 
-0.01419 
-0.00655 
-0.00734 
-0.00473 
-0.00577 
-0.00152 
-0.00430 
-0.00431 
0.00612 
-0.02119 
0.00199 
0.00426 
-0.01465 
0.00733 
-0.01083 
0.01878 
-0.02999 
0.01441 
0.00021 
-0.00545 
0.00413 
-0.00012 
-0.00354 
0.00254 
0.01042 
-0.02013 
0.01690 
-0.01400 
0.01584 
-0.00594 
-0.00036 
-0.01895 
0.02966 
-0.01475 
0.00614 
0.00742 
-0.00519 
-0.00507 
0.00529 
0.01228 
-0.01444 
0.00758 
0.01330 
-0.00515 
0.00202 
-0.00269 
0.00416 
0.00455 
0.00102 
0.00295 
-0.00224 
0.00557 
0.00473 
0.00055 
0.00005 
0.00358 
0.00595 
-0.00238 
0.00116 
0.00288 
0.00066 
0.01005 
-0.00839 
0.00544 
0.00387 
-0.00820 
0.01684 
-0.00504 
0.00318 
-0.00158 
0.00724 
-0.00948 
0.00670 
0.00048 
0.00753 
0.00098 
-0.00482 
0.01038 
-0.00366 
0.00531 
0.00185 
-0.00476 
-0.00746 
0.00209 
0.00662 
0.00528 
-0.00190 
0.00426 
-0.00881 
0.00286 
0.00886 
-0.00843 
0.00489 
0.00565 
-0.01360 
0.00980 
0.00037 
-0.00527 
0.00234 
-0.00567 
0.00721 
-0.00635 
0.00257 
-0.00627 
0.01808 
-0.02260 
0.01422 
-0.00520 
-0.00659 
0.00274 
-0.00002 
0.00553 
-0.00434 
-0.00119 
0.00201 
0.00000 
0.00000 
0.00000 
0.00000 
0.00000 
0.00000 
0.00000 
0.00000 
0.00000 
0.00000 
0.00000 
0.00000 
0.00000 
0.00000 
0.00000 
0.00000 
0.00000 
0.00000 
0.00000 
0.00000 
0.00000 
0.00000 
0.00000 
0.00000 
0.00000 
0.00000 
0.00000 
0.00000 
0.00000 
0.00000 
0.00000 
0.00000 
0.00000 
0.00000 
0.00000 
0.00000 
0.00000 
0.00000 
0.00000 
0.00000 
0.00000 
0.00000 
0.00000 
0.00000 
0.00000 
0.00000 
0.00000 
0.00000 
0.00000 
0.00000 
0.00000 
0.00000 
0.00000 
0.00000 
0.00000 
0.00000 
0.00000 
0.00000 
0.00000 
0.00000 
0.00000 
0.00000 
0.00000 
0.00000 
0.00000 
0.00000 
0.00000 
0.00000 
0.00000 
0.00000 
0.00000 
0.00000 
0.00000 
0.00000 
0.00000 
0.00000 
0.00000 
0.00000 
0.00000 
0.00000 
0.00000 
0.00000 
0.00000 
0.00000 
0.00000 
0.00000 
0.00000 
0.00000 
0.00000 
0.00000 
0.00000 
0.00000 
0.00000 
0.00000 
0.00000 
0.00000 
0.00000 
0.00000 
0.00000 
0.00000 
