0.078   0.852   2.619  0.1085 -0.1147 -0.6460
3.054   0.211   2.093 -0.1051  0.5881 -0.5326
0.447   1.066   0.448  0.2528 -0.2467 -0.1948
1.413   2.973   1.601  0.0297  0.1505  0.2758
3.026   1.642   1.548 -0.2883  0.1005 -0.1209
0.389   1.278   2.485  0.6392  0.7080  0.3458
3.033   0.780   2.384  0.2039 -0.3346  0.0133
0.653   2.025   0.567  0.8844  0.6171  0.5077
1.068   0.707   1.625  0.6520  0.7630 -0.1149
0.363   1.191   2.869  0.2684  0.6346 -0.1353
1.422   2.784   2.922  0.1525  0.5944  0.3021
0.100   1.741   2.599  0.3072 -0.4669 -0.1828
1.547   2.563   2.397 -0.0074 -0.2675 -0.2660
0.702   0.408   1.276 -0.4823  0.1265 -0.4649
2.421   2.914   1.370 -0.1218  0.1782  0.1295
1.113   0.709   1.360 -0.5228 -0.4316 -0.0758
1.986   1.832   2.141 -0.4068 -0.0157  0.4813
0.569   1.294   0.547 -0.2201  0.2624  0.4768
2.847   1.111   0.909  0.1983  0.0990  0.2436
0.377   2.470   2.929 -0.1800  0.1869 -0.4737
1.324   2.359   0.655 -0.2821  0.0841  0.7175
0.002   0.101   0.419  0.0237 -0.0006 -0.4961
0.111   0.730   0.498  0.0568 -0.0867  0.1531
2.258   1.235   0.949 -0.6994 -0.2890 -0.1013
0.977   1.684   2.767 -0.5630 -0.2214  0.2017
2.226   2.110   1.629  0.1530 -0.0804 -0.6320
1.564   0.804   0.504 -0.1625  0.6910  0.3902
2.845   0.362   1.726  0.8511 -0.1974 -0.4341
1.608   1.596   0.458 -0.0957 -0.0991 -0.2929
1.780   2.799   1.029 -0.1277 -0.0941 -0.2269
2.875   0.714   0.443  0.3432 -0.0023 -0.6457
1.775   0.905   1.493 -0.1370 -0.1186  0.2010
1.839   1.651   0.790  0.3057 -0.0991 -0.2886
0.891   2.307   1.354  0.2133 -0.3070  0.2907
2.542   2.949   1.832  0.2804 -0.3589  0.2405
1.637   1.651   1.272  0.4246  0.4949 -0.5926
0.135   1.600   0.316  0.0820  0.0511 -0.5797
2.627   0.722   1.331  0.0141 -0.1710  0.4886
2.536   1.205   0.661  0.3994 -0.1298  0.4248
1.498   1.819   0.906 -0.0532  0.0712 -0.7349
0.569   1.025   1.082  0.1523  0.1403 -0.1266
1.038   0.067   1.175  0.5803  0.7757 -0.5245
0.720   0.763   2.487 -0.2812 -0.0210 -0.2674
1.418   1.481   2.322 -0.1336 -0.1144  0.4333
1.436   1.339   0.779  0.4365 -0.5198  0.0334
0.135   1.517   1.699 -0.0193  0.2972 -0.0678
0.635   1.833   1.381  0.3195  0.1926 -0.3109
1.041   2.807   0.165  0.2295 -0.1880  0.2176
1.861   2.322   2.216  0.3708  0.3784  0.7042
1.946   0.599   1.238 -0.2082  0.4624  0.2799
0.865   0.218   1.418  0.1565  0.2100 -0.4720
1.069   2.328   0.770  0.5580  0.1964  0.0599
2.763   1.354   0.696  0.1427  0.4154 -0.1877
2.479   1.468   2.312  0.4932 -0.3392  0.6551
1.602   2.064   2.769  0.1469 -0.1882 -0.1553
1.350   0.835   2.988 -0.5533  0.1370  0.2192
1.709   1.687   2.076 -0.2463 -0.4098 -0.0689
0.115   1.534   0.639  0.4542  0.3170 -0.2266
2.710   2.536   2.923 -0.2742  0.0866 -0.0612
2.952   2.304   2.044  0.3317  0.4888  0.0658
0.186   1.475   2.520 -0.2707  0.3902 -0.0070
0.195   2.217   1.124 -0.4310 -0.1253 -0.5059
1.964   0.270   2.400 -0.2461 -0.1411 -0.3106
1.952   2.074   0.074 -0.1478 -0.1449 -0.1003
1.563   2.902   2.327  0.4020  0.0719  0.1517
0.280   0.033   1.229 -0.0614  0.3160  0.5738
1.643   1.391   1.144 -0.3021  0.1659 -0.0363
1.276   0.273   2.163 -0.7067 -0.4240  0.1449
1.310   1.850   1.540  0.0260 -0.2222  0.0332
2.320   1.179   1.358  0.5768 -0.0233  0.1516
0.890   0.431   2.079 -0.0847 -0.1402  0.2346
1.339   1.278   1.527 -0.0496  0.2958  0.0284
0.366   1.620   2.953 -0.2513  0.4358  0.3309
1.342   0.651   2.134 -0.1690  1.0103  0.3927
1.027   1.244   2.495  0.3218  0.0173  0.2902
0.021   0.655   2.828 -0.0670 -0.6143  0.0165
1.395   2.163   0.829 -0.4833 -0.0270 -0.2415
1.196   3.034   1.460  0.4296 -0.6124  0.1949
3.036   2.636   1.693  0.1901 -0.1941  0.2274
0.104   1.284   0.908  0.0889  0.2636  0.0275
0.736   2.591   2.664 -0.2792  0.1656  0.0053
1.378   2.085   2.418  0.1671  0.4151 -0.0130
0.669   0.266   2.072 -0.0718  0.2878  0.0842
1.313   1.219   2.328  0.2518 -0.7428 -0.0755
3.034   1.057   0.074 -0.3433 -0.0708 -0.1280
1.460   0.558   0.612  0.8402  0.1961  0.0829
2.055   2.543   1.453 -0.2345  0.3049  0.4144
2.157   0.981   1.495  0.0649  0.3074 -0.0313
1.998   1.045   0.699 -0.5917  0.8085  0.2705
1.435   1.127   0.946 -0.1739 -0.1746 -0.3510
1.348   2.237   2.818 -0.4387 -0.1855 -0.1238
0.827   0.417   0.303  0.3222 -0.0138  0.0426
1.374   2.734   0.388 -0.1367 -0.2354  0.5282
2.132   3.095   2.169  0.5034  0.4652 -0.3903
1.421   0.982   1.207 -0.2216 -0.0702  0.6755
1.370   2.655   1.002 -0.6159 -0.0572 -0.7117
1.309   0.428   1.948  0.2397 -0.2042 -0.1324
2.260   0.800   1.757  0.1101 -0.6334  0.2760
0.998   1.189   3.033  0.7184  0.0977 -0.3616
1.835   2.445   2.536  0.0985 -0.3505  0.1748
1.916   1.695   1.210 -0.2177 -0.1913  0.0321
1.953   1.236   1.783 -0.1932 -0.5517 -0.1327
0.902   0.581   1.214  0.4598  0.4023 -0.1038
0.261   1.713   1.850 -0.2861 -0.7702  0.1180
2.630   0.340   0.309 -0.5156  0.4049  0.0702
1.429   0.500   1.110  0.1464 -0.2521  0.4269
0.205   0.265   0.950 -0.2632  0.3921  0.6705
0.407   2.696   2.181 -0.2172  0.0191 -0.2443
1.950   1.323   0.969  0.0858  0.3613 -0.0853
0.012   1.441   0.127  0.1882 -0.0337 -0.3000
2.472   2.584   1.307 -0.1505  0.0860  0.1088
1.120   3.063   2.545  0.6497  0.3982 -0.6463
0.827   1.540   1.575 -0.2164  0.5296 -0.1437
0.934   2.244   0.196  0.2038  0.2138  0.2128
1.096   0.280   2.849  0.3009  0.0259  0.0759
2.349   0.222   1.430 -0.4210  0.8074  0.0753
1.660   0.397   1.235  0.0334 -0.7479 -0.1155
2.484   0.037   1.253  0.7665 -0.3193  0.5119
0.022   2.883   1.750  0.2493 -0.1043  0.1989
0.368   1.202   1.088  0.2252 -0.1983 -0.2887
2.907   0.694   1.692 -0.0695 -0.0318  0.1560
0.255   1.223   0.347  0.5140  0.3521  0.0612
1.255   2.952   3.062 -0.5630 -0.0559  0.7500
0.007   0.972   2.911 -0.1186  0.4525 -0.2103
1.339   2.414   0.361 -0.7379  0.3572 -0.5733
2.909   1.619   1.037 -0.1086  0.2079 -0.2106
1.067   0.436   1.068  1.3060  0.2686  0.0900
1.042   1.367   0.235 -0.2103  0.1367 -0.0666
2.612   0.953   0.458 -0.0350 -0.2286  0.0311
1.705   0.670   1.358 -0.0970  0.6412 -0.2227
3.010   0.657   0.677  0.0062 -0.0357 -0.7871
0.524   2.590   1.473  0.2062 -0.2313 -0.2693
1.103   0.307   1.324  0.2246  0.7484 -0.2280
1.492   0.290   1.775 -0.1671 -0.4164 -0.5293
1.438   1.301   2.020  0.3883  0.4243  0.1089
0.707   0.691   1.627 -0.0862  0.1839  0.1221
1.515   1.045   2.949  0.0467  0.2515  0.3092
0.660   1.113   1.454 -0.4594 -0.6138 -0.4177
1.011   2.929   2.736  0.0135  0.5680  0.4738
0.580   2.624   2.385 -0.3177 -0.2800 -0.1796
2.480   1.488   1.719 -0.2030 -0.0280  0.3337
1.750   2.311   0.358 -0.6458  0.4867  0.0250
2.627   0.514   1.876 -0.3764  0.3527  0.1074
0.137   2.142   0.386  0.5665  0.0028 -0.8465
0.246   0.154   2.392 -0.6095  0.3535  0.1752
0.884   2.684   0.393 -0.4526 -0.6308 -0.1044
3.023   0.943   0.760  0.4192  0.5617 -0.1470
3.022   1.960   2.572 -0.0650 -0.2777 -0.0548
1.840   1.837   1.000  0.9326  0.1591 -0.2237
1.811   3.102   1.384  0.5432 -0.3829  0.0753
2.401   1.418   0.799  0.0284 -0.2798 -0.0780
1.432   2.601   0.664  0.1650 -0.5848 -0.1948
1.395   2.612   2.607 -0.1656 -0.3706 -0.0001
2.270   0.535   1.000  0.2759 -0.1981  0.5164
1.813   1.165   1.125 -0.3902  0.1848 -0.0786
1.353   1.706   2.126 -0.2246 -0.3897 -0.3507
2.873   1.933   1.663 -0.2936  0.6300 -0.0987
2.971   1.738   1.308 -0.3530  0.7651  0.5770
1.511   1.504   2.797 -0.0105 -0.4304 -0.4552
0.361   0.847   0.604  0.8609 -0.1244  0.0117
1.389   1.039   0.571 -0.1107 -0.0881  0.0553
2.838   1.530   1.961 -0.3302 -0.4614  0.0545
1.810   2.529   2.807  0.8490  0.0987 -0.4699
2.376   3.089   0.153 -0.6563 -0.2115  0.3187
1.145   0.715   0.545  0.8451 -0.4945  0.6835
1.730   0.230   0.796  0.0791 -0.7129  0.2470
2.730   1.086   0.078 -0.4134  0.0130  0.2974
1.359   0.576   1.369 -0.3344 -0.3320 -0.1438
1.271   0.350   0.893  0.4530 -0.3320 -0.4840
1.122   2.246   2.047 -0.1247  0.0022 -0.3646
0.987   1.515   1.352  0.6927  0.2907 -0.1146
1.035   2.997   0.779 -0.2474  0.2408  0.0650
0.811   0.728   0.921  0.1006  0.1097 -0.1982
1.841   0.352   1.012  0.4887  0.1142  0.2107
0.501   2.086   2.770  0.4546 -0.4281 -0.4278
0.852   1.221   0.721 -0.1692 -0.0522 -0.2433
2.049   1.861   1.382  0.5512 -0.2269  0.1799
0.064   2.646   0.055 -0.3128  0.2488  0.2074
0.646   1.066   0.135  0.2624  0.1855 -0.0433
0.280   0.199   2.819 -0.2440  0.0376 -0.0142
0.695   0.910   0.470 -0.5106 -0.0185 -0.2607
0.540   1.372   2.218  0.0333  0.0237  0.0066
1.626   1.716   3.098  0.0091 -0.4836  0.4981
2.943   1.230   0.505 -0.1152  0.3053 -0.3297
2.041   1.444   1.189 -0.0760 -0.2240  0.3980
0.635   1.254   3.049  0.4975  0.6053  0.1996
0.798   0.635   1.913  0.2431 -0.4820 -0.0738
1.618   1.105   1.347  0.4927  0.1695  0.2777
0.303   1.828   1.045  0.3105  0.1727 -0.0610
0.294   0.039   1.949 -0.1347  0.2974  0.0775
2.566   0.105   1.854 -0.0673 -0.3169 -0.2402
0.791   1.164   0.417 -0.4015 -0.2760  0.1418
2.721   2.854   1.345  0.0473 -0.0024 -0.0413
0.558   1.529   1.507  0.1121 -0.3692 -0.0284
0.614   1.818   2.821 -0.0268 -0.3368 -0.0238
1.249   1.085   0.342 -0.0156 -0.0772 -0.1588
0.985   1.078   2.067  0.1003  0.5075  0.3763
0.340   0.660   2.007 -0.3203  0.1050  0.0706
0.382   0.979   0.129 -0.3447  0.7675 -0.5191
1.480   0.147   0.880  0.2382 -0.3247  0.2916
0.874   1.009   2.888 -0.6646 -0.2512  0.0130
2.290   1.992   2.010  0.1697  0.2182  0.3625
0.728   0.645   0.182  0.3418  0.1991 -0.2584
0.832   0.868   1.214  0.3207  0.1079  0.1776
2.636   2.942   2.099 -0.1832 -0.1510 -0.0202
0.560   2.194   1.611  0.1490  0.0448  0.0635
1.752   1.204   2.252  0.4669  0.4359  0.3570
2.705   1.621   2.215  0.0140 -0.0814  0.3577
0.237   0.096   0.083  0.1481 -0.2268 -0.2451
2.752   0.417   1.271  0.1238  0.8402  0.4381
1.896   2.722   3.011  0.5396 -0.0237  0.0359
1.674   1.983   3.016 -0.1426  0.1109  0.6368
0.797   2.170   0.841 -0.4781 -0.3844 -0.0205
0.144   0.061   2.169 -0.0803 -0.0755 -0.2932
0.400   2.333   2.056 -0.6651 -0.2404 -0.1628
2.892   0.546   2.412  0.9795 -0.1105 -0.1136
1.017   1.662   2.260  0.7328  0.6158 -0.0944
2.935   2.019   1.234 -0.0806  0.0138 -0.3399
1.942   0.783   1.952  0.2867 -0.2746 -0.4468
0.446   3.108   2.887 -0.1995 -0.5560 -0.8358
0.607   1.447   2.494 -0.4376 -0.3935 -0.3675
2.342   1.673   1.608  0.7452 -0.1001 -0.6423
2.757   1.184   1.670  0.8071 -0.0261  0.6930
0.853   0.040   0.618 -0.8159 -0.2911 -0.6793
2.847   1.727   3.084 -0.2857  0.1613 -0.3124
0.445   2.626   0.363 -0.3895 -0.1282 -0.5139
1.145   3.019   2.265  0.1222  0.8546 -0.4398
0.408   1.908   2.193  0.1411  0.4365  0.5681
0.306   0.340   3.070 -0.1018 -0.2172 -0.1866
1.904   2.327   1.541 -0.1416  0.3028  0.0246
0.182   0.577   1.796 -0.8250  0.3919  0.0770
1.468   3.015   0.126  0.0696 -0.0644 -0.3237
2.380   2.427   2.277 -0.1523  0.3933  0.4488
1.006   1.326   0.514 -0.2916  0.2180  0.2147
0.993   0.621   2.767 -0.0956 -0.4432 -0.4111
0.288   0.886   2.938  0.2664  0.1930  0.5806
1.779   1.112   0.234 -0.6374  0.9302  0.0601
2.252   0.779   0.021  0.5082  0.0689 -0.4109
2.540   1.059   2.191  0.6326 -0.1112 -0.0186
2.734   0.567   3.109 -0.2841 -0.0673  0.4110
0.755   1.806   2.371  0.1617  0.0879 -0.3098
0.883   2.524   1.691  0.4639  0.5951  0.2692
3.009   0.518   1.912  0.4232 -0.3774  0.3507
0.777   0.115   1.669  0.1629 -0.0083  0.2204
0.044   2.824   0.324  0.3408 -0.6076  0.2162
0.533   2.783   2.924 -0.1552  0.0604  0.0553
1.192   1.665   0.010  0.2923  0.6603  0.2756
0.841   0.390   2.376  0.0318 -0.0682  0.0380
1.996   0.797   2.609  0.4791  0.1151 -0.0235
0.356   1.422   2.058  0.0479  0.1389  0.8366
2.331   0.891   0.428  0.0730 -0.4703  0.0367
3.002   0.011   2.852 -0.1981 -0.0561  0.3792
2.090   1.487   2.293  0.4054 -0.1112  0.1517
1.306   2.559   1.856  0.5646  0.6088 -0.4591
1.490   2.206   1.097 -0.1550  0.1085 -0.6378
0.755   1.668   0.963  0.1729 -0.1255 -0.0131
2.164   0.520   2.137  0.6568  0.2922 -0.1235
0.318   1.897   2.538  0.2986 -0.2056 -0.3629
0.511   0.084   0.016  0.1021  0.2482  0.5312
0.723   0.853   3.096 -0.1892  0.3807 -0.1580
1.357   1.091   1.861 -0.0913  0.0934  0.4605
0.614   1.718   1.896  0.1863 -0.2510 -0.4367
0.635   2.742   0.507  0.2270 -0.2558 -0.5769
1.080   1.499   2.953 -0.2771 -0.2386 -0.3305
3.101   1.274   2.581 -0.1153 -0.8213 -0.3616
0.292   0.524   0.456  0.1426 -0.0791 -0.4443
1.396   0.697   0.866  0.4256 -0.4915  0.1523
1.336   1.562   0.474 -0.3385  0.0836  0.2682
1.057   1.507   2.563  0.0313 -0.8441 -0.0950
1.913   1.899   2.942  0.0520  0.5755 -0.0435
0.390   1.885   0.731 -0.0617 -0.4997 -0.2074
0.674   0.342   1.803 -0.9158  0.0158  0.0235
0.910   3.071   1.852 -0.0309  0.2202  0.2640
1.214   0.850   2.734  0.1629 -0.0061  0.7984
1.304   0.472   2.755 -0.1076  0.0331 -0.0121
1.459   0.703   2.703  0.5241  0.0808  0.1683
3.023   1.054   2.403 -0.3331  0.1713 -0.0571
1.541   1.196   1.677 -0.3224  0.1349 -0.1823
1.768   0.872   2.760 -0.2738 -0.3731 -0.2667
0.596   2.055   2.516 -0.4621  0.5133 -0.6942
0.879   1.747   1.250  0.1853  0.2767  0.2658
1.929   1.442   1.622  0.0436  0.3718 -0.4059
1.190   0.875   1.151 -0.2126  0.6017  0.2938
3.058   1.231   0.274 -0.5542 -0.6971 -0.2885
1.133   1.370   0.867 -0.2486  0.3739  0.6753
2.988   0.480   2.956 -0.3617  0.2225  0.8301
2.281   0.492   1.302 -0.5959 -0.1078 -0.7529
1.251   2.022   1.055  0.8561  0.5132 -0.2735
2.381   0.218   0.278  0.3385  0.6876 -0.3256
2.705   1.666   2.794 -0.1756 -0.3221 -0.8287
0.457   0.282   0.636 -0.2092 -0.3068 -0.5057
2.969   3.061   0.026 -0.3021  0.5993  0.5017
2.943   2.578   0.415 -0.2327 -0.5100  0.2068
2.695   1.407   3.002  0.7195  0.6062 -0.3905
0.225   1.414   2.851 -0.3174 -0.0144 -0.5281
0.926   1.799   0.185  0.0487 -0.1174  0.3673
0.587   0.629   0.435  0.5970  0.2138  0.5690
0.349   2.529   0.890 -0.1810 -0.0809 -0.5942
1.709   2.810   1.784  0.3243 -0.3365 -0.1211
1.016   2.275   2.306  0.1565  0.1215  0.2238
0.151   2.059   2.677  0.5197 -0.1935  0.6806
0.760   2.966   2.977  0.1490 -0.3466  0.1250
0.124   3.108   2.730  0.1120 -0.4860 -0.2348
1.042   2.699   1.533 -0.3455 -0.7101 -0.4552
0.114   0.612   0.975 -0.2096  0.1815  0.1778
2.561   2.363   0.007  0.0470 -0.1773  0.5211
1.353   0.201   1.365  0.1936 -0.6889  0.1181
0.797   0.280   3.090  0.4701 -0.2149 -0.1509
1.154   1.010   2.517  0.2769 -0.1988 -0.0489
2.703   1.242   2.771  0.0494  0.2388 -0.0645
0.967   2.509   2.797  0.2681 -0.1634 -0.0644
0.851   0.523   2.979  0.3853 -0.0859 -0.1208
2.454   2.636   0.289  0.3328 -0.3979  0.2079
0.288   1.450   1.485  0.0508  0.1488 -0.1140
1.170   0.551   2.451 -0.3061  0.3495 -0.0290
1.839   0.563   0.162 -0.0102  0.0533  0.4743
1.146   0.997   1.651 -0.1881 -0.4826 -0.0613
0.164   2.315   0.868  0.1275  0.2199 -0.3229
1.368   0.952   2.294 -0.2777  0.3646 -0.2840
1.098   1.901   0.623  0.0068 -0.0022 -0.4495
2.245   0.245   2.118  0.3582 -0.3846  0.6083
1.261   0.859   1.989  0.5490 -0.0191 -0.4348
1.382   1.340   1.223 -0.2624  0.5422  0.6733
1.548   0.962   2.658  0.4435  0.3905  0.9629
0.165   1.007   2.255  0.0888  0.4150 -0.1068
1.348   2.948   0.988  0.0599  0.3843 -0.2051
0.036   1.089   1.587 -0.1898 -0.0014  0.0113
0.587   0.404   2.418  0.5514  0.0555  0.0538
1.643   0.901   2.195 -0.4664 -0.0088 -0.1625
0.865   1.978   0.383 -0.2612  0.2875 -0.1508
1.218   0.453   0.561 -0.0079  0.1908  0.6521
2.670   0.887   2.617 -0.0557  0.5230 -0.5503
2.137   0.052   2.748 -0.0151 -0.1998  0.1324
0.383   2.173   2.273 -0.0002 -0.4079  0.4568
1.674   3.053   0.963  0.5329 -0.2668  0.3982
0.057   0.403   0.014  0.3830 -0.1899 -0.2655
2.137   2.500   2.117  0.1894  0.0070 -0.1102
1.433   1.778   2.758  0.2257 -0.1089 -0.1065
1.750   1.918   1.633  0.0074 -0.0699 -0.8307
0.811   1.362   0.962 -0.4446 -0.2579  0.0333
1.225   1.089   1.369 -0.2267 -0.4286 -0.3273
1.860   0.477   2.814  0.0968 -0.1459 -0.7026
0.723   1.407   2.007 -0.3338  0.4690  0.0319
1.465   1.950   2.101  0.2269  0.4620  0.2486
1.460   1.213   2.576 -0.3288  0.1494 -0.5674
2.083   1.651   0.898  0.0443 -0.1930  0.1041
1.729   1.338   2.514 -0.4304 -0.0641  0.0938
0.474   1.631   0.957 -1.0162 -0.0467 -0.1861
2.285   1.149   2.857  0.1008 -0.0795 -0.1056
0.461   0.522   1.725 -0.2301  1.0576  0.0270
1.933   1.407   2.085 -0.4376  0.5909  0.2854
2.581   1.009   1.061 -0.0506  0.1188  0.2314
1.092   0.252   2.349 -0.0188 -0.6969  0.2541
2.842   2.340   2.671  0.4952  0.2012  0.6461
2.115   1.152   1.992  0.0429  0.2047  0.1193
1.731   0.059   2.446 -0.1776 -0.3699  0.1533
0.948   1.970   2.244 -0.7396  0.3459  0.0300
0.936   2.759   1.292  0.3711 -0.7921 -0.0340
2.228   3.002   1.735 -0.4257 -0.1024 -0.0694
1.268   2.785   2.275  0.0708  0.4449  0.5239
2.954   0.142   1.072  0.3866  0.4938 -0.0460
0.628   2.492   0.887 -0.3402  0.2302  0.1722
2.587   2.398   0.769  0.2831 -0.2542  0.8176
1.731   1.400   3.077 -0.2920  0.4199 -0.2116
0.730   1.990   0.086  0.1539  0.0688 -0.0321
0.432   0.173   1.072  0.1722  0.1798  0.6381
0.797   1.002   0.903 -0.0761 -0.4257 -0.1891
0.764   0.964   1.685  0.0474  0.4145 -0.0536
3.047   2.410   2.912 -0.3347  0.2241 -0.2254
1.609   1.540   0.917 -0.2535 -0.0260 -0.2157
1.227   2.607   1.221 -0.6902  0.1545  0.1393
1.979   2.052   1.572 -0.0053 -0.0444  0.4697
1.933   0.078   0.687  0.3936 -0.0614  0.4040
1.529   2.664   1.654 -0.3884 -0.1216 -0.3820
2.529   2.203   1.324 -0.0071 -0.4554 -0.4213
0.007   2.825   2.041  0.6566  0.0754  0.1918
2.363   1.812   2.674 -0.1464  0.2317 -0.2092
0.009   0.293   1.249  0.3422  0.2566  0.0845
1.723   1.121   1.881  0.1324  0.5301 -0.3949
1.422   0.014   2.439 -0.4036 -0.0965 -0.2187
0.026   0.915   0.332 -0.2517 -0.3716  1.1426
1.074   2.318   2.979 -0.2882  0.1512 -0.4423
0.738   2.994   0.917 -0.2684 -0.0595  0.0705
1.540   1.881   2.517 -0.1661  0.1334 -0.1391
0.672   3.067   2.723 -0.2200  0.4243 -0.0096
0.656   2.482   2.928 -0.5975  0.4693  0.0322
0.488   2.665   1.918 -0.1397 -0.0012 -0.5414
0.278   2.983   2.541 -0.1334 -0.0056  0.1841
0.623   2.408   2.176  0.3912  0.7006 -0.0020
0.836   2.399   3.100 -0.8316  0.1643 -0.0135
2.545   0.578   0.208  0.6897 -0.1362 -0.4379
2.701   2.618   1.590 -0.0685  0.2622 -0.1702
1.571   2.114   0.469 -0.1389 -0.3146 -0.0119
0.943   0.369   2.656 -0.0746 -0.1140  0.4837
0.353   1.166   1.488  0.4136 -0.7251  0.3948
1.592   1.540   0.194  0.1085 -0.3780 -0.1794
0.634   1.116   2.801  0.0046  0.0956 -0.0284
0.519   0.621   0.997 -0.2242 -0.1489  0.4341
0.710   2.751   0.776 -0.1163  0.1535  0.7846
2.318   1.010   1.147 -0.2765  0.2075 -0.1882
0.317   2.373   1.569 -0.1172  0.7575  0.0380
0.994   1.404   1.898  0.0698  0.1281 -0.1387
0.347   0.264   0.356  0.3925 -0.2225 -0.2230
2.774   1.695   1.759  0.2813 -0.1465  0.3835
1.166   2.903   1.214  0.0044 -0.0487 -0.1205
3.091   1.647   0.853  0.4293 -0.1596 -0.2299
3.051   0.173   0.126 -0.0434 -0.1405 -0.0855
0.976   1.751   1.660 -0.5707 -0.0958  0.4390
0.590   2.235   1.008 -0.3178  0.1982  0.1546
0.586   0.805   1.930 -0.3329 -0.3637  0.1912
3.020   0.430   0.832 -0.3026 -0.0838 -0.1834
2.034   2.998   0.347  0.1136 -0.0169 -0.3116
2.509   0.365   1.166 -0.6728 -0.4721  0.0972
0.652   1.947   0.842  0.6128 -0.2189  0.3636
0.433   0.383   1.258 -0.2813 -0.2638  0.0870
0.573   1.400   1.135 -0.0271 -0.4309  0.1862
2.558   2.269   0.533  0.0881  0.1102 -0.4975
1.387   0.057   0.325  0.3757 -0.1699 -0.1685
2.139   2.132   0.247  0.4957 -0.2837 -0.0390
1.619   2.563   3.000 -0.2161 -0.0803 -0.5615
2.143   2.747   0.052  0.3213  0.1046 -0.0891
0.300   1.978   1.866  0.3346 -0.3689  0.2763
1.770   0.862   1.763  0.0399 -0.0277 -0.2471
1.615   1.663   1.573 -0.1456  0.2083  0.1683
2.990   0.792   0.118 -0.0308 -0.4039  0.5464
0.039   1.861   3.090 -0.2941 -0.1486 -0.3089
0.446   2.790   1.075 -0.1679  0.6395  0.4822
1.981   2.120   0.959 -0.0063 -0.4148  0.1359
0.338   2.271   0.485 -0.2481  0.3370  0.0414
1.468   2.342   3.071  0.3492 -0.0191  0.1683
1.698   2.026   0.788 -0.3680 -0.2494 -0.0373
1.621   2.362   1.597 -0.0213  0.1455 -0.4319
0.920   0.773   2.164  0.1564 -0.0009 -0.1229
1.071   2.151   0.473  0.4151  0.1422 -0.3653
2.363   2.551   1.539  0.0650 -0.2989  0.3068
1.591   0.498   0.011 -0.2379  0.4913 -0.1262
0.474   2.141   0.156 -0.5505  0.0746  0.4020
0.829   1.541   0.197 -0.3468  0.4969  0.9098
2.050   1.689   1.594 -0.4056 -0.2893 -0.0722
0.044   2.126   1.896  0.3032 -0.0925 -0.3289
0.246   2.510   1.304  0.2040  0.0091  0.8271
0.090   2.783   1.272 -0.2254  0.1318  0.5445
1.154   2.068   2.904  0.4794  0.0504  0.1701
0.590   1.425   0.142 -0.0678  0.7064  0.0501
0.830   1.150   2.280 -0.1984  0.1327  0.3961
2.819   2.802   0.511 -0.1115 -0.7465 -0.1141
1.540   0.715   2.443  0.3645  0.3562 -0.1268
0.335   0.637   0.225  0.3503  0.4245 -0.1229
0.531   0.617   2.645 -0.3033 -0.1047  0.2236
0.368   2.898   1.848  0.5640 -0.0095 -0.4371
1.694   0.305   2.532 -0.7213 -0.3036 -0.5942
0.528   2.394   1.250  0.3824 -0.3671  0.4350
2.696   0.646   2.101  0.3848  0.3780 -1.0068
0.471   1.625   1.263 -0.3479 -0.0241  0.7406
0.948   0.046   0.013 -0.5019 -0.3078  0.4595
0.308   2.289   2.519  0.1664  0.0674  0.4796
1.927   2.916   0.624 -0.0184 -0.5557 -0.0384
1.073   1.089   0.148  0.2692 -0.3921 -0.3870
1.802   2.968   2.187 -0.3045  0.1597 -0.1486
0.861   0.069   2.293 -0.4228  0.2153 -0.0283
0.568   0.030   2.012 -0.0315 -0.1879 -0.1655
3.106   0.013   1.618 -0.0868  0.3232 -0.4217
1.159   2.713   2.772 -0.0826  0.1568 -0.7710
0.735   0.430   0.942  0.4261 -0.0440  0.0862
3.107   1.678   1.956 -0.0331 -0.1912  0.0779
1.127   0.708   0.938 -0.0702 -0.2374 -0.1442
0.355   2.784   1.356  0.4225  0.3243 -0.5648
2.176   3.019   0.002  0.1820 -0.4489  0.0335
0.197   2.013   0.139 -0.0424 -0.4029 -0.4230
0.487   0.875   0.861 -0.2918 -0.3491 -0.3466
0.998   0.645   0.057  0.1318  0.5418  0.3910
0.187   0.486   2.411 -0.0614  0.0471 -0.0307
1.879   1.664   0.522 -0.0609 -0.0081  0.1816
0.096   0.881   0.934 -0.0632 -0.0660 -0.4158
2.046   2.643   0.397 -0.0740  0.3788 -0.3788
1.733   1.569   1.784 -0.0379  0.0268 -0.3012
0.071   1.926   0.845 -0.1160 -0.3682  0.2648
0.444   2.413   1.812  0.2870  1.0156  0.6689
0.077   1.088   0.566  0.2487  0.2220  0.0539
2.105   0.490   0.538 -0.5296 -0.0504  0.2808
2.061   1.663   0.296  0.1866  0.1197 -0.2781
2.911   2.980   2.427 -0.2278 -0.1798 -0.2209
0.633   2.880   2.170  0.0220  0.4320  0.3556
0.229   2.958   1.542  0.0277  0.2465  0.7788
2.822   2.024   2.232  0.2007  0.1521  0.2425
3.060   2.550   2.039  0.1555  0.4383 -0.0506
2.728   1.126   2.407 -0.1136  0.1185  0.0519
1.946   2.433   0.580  0.4240 -0.3466 -0.4114
0.115   0.310   2.596 -0.1912  0.1914  0.1897
2.178   0.437   0.268 -0.0721  0.0490 -0.2031
0.789   1.943   2.676  0.0376 -0.1468  0.3614
2.540   0.587   2.929 -0.2887  0.2054  0.0047
2.345   1.707   1.336  0.0427 -0.5155 -0.7750
0.994   1.611   0.825  0.4504  0.7251  0.6878
2.784   2.475   0.960 -0.8478 -0.1778 -0.1412
2.249   1.681   1.960 -0.0507  0.2759 -0.3006
0.815   0.481   0.560 -0.5760  0.1611 -0.3487
0.309   2.140   0.716  0.2778  0.1363  0.2622
1.953   2.132   2.739 -0.1186  0.3560 -0.1661
1.104   2.740   0.823  0.0652 -0.2881 -0.2093
1.912   1.327   1.384 -0.8869  0.3812 -0.5476
2.717   0.545   0.682  0.5793 -0.1446  0.3150
2.951   0.710   2.106 -0.0413 -0.3772  0.0930
0.369   1.467   0.313 -0.0898  0.1523  0.3127
2.231   2.486   2.794  0.3192 -0.7210 -0.5904
1.395   2.001   0.127 -0.3124 -0.2675 -0.3888
2.004   2.505   1.833  0.1362  0.3225  0.0527
1.038   2.983   0.378 -0.2014 -0.3527 -0.1908
0.298   2.205   3.012 -0.1569  0.7362  0.3752
0.769   1.578   0.446 -0.0970  0.0895  0.4184
1.756   3.077   2.712 -0.8637 -0.4195 -0.1520
2.405   2.389   1.924  0.3383 -0.3818  0.5841
0.082   2.012   1.501  0.3618 -0.2451 -0.9094
0.291   2.996   0.924  0.1113 -0.0785  0.2570
0.352   2.715   0.010 -0.6055 -0.0802  0.3149
1.016   2.105   1.831  0.6842 -0.1894 -0.5960
0.549   1.720   2.569 -0.4924  0.4674  0.0470
0.070   0.581   1.546  0.2551 -0.6530  0.2215
0.221   2.726   2.670  0.3974  0.4656 -0.3550
2.209   1.394   2.527 -0.2556 -0.1185 -0.2497
0.663   2.690   1.688 -0.1957 -0.4220 -0.1562
2.843   1.624   0.681 -0.0032 -0.0585  0.3026
0.614   2.215   3.047 -0.1867  0.1056  0.0369
2.899   2.742   3.015 -0.0308 -0.3913 -0.0143
1.354   1.874   3.001 -0.1674 -0.3099 -0.0778
1.746   3.114   1.866  0.1237  0.2133  0.6674
2.899   2.118   2.832  0.4173  0.3480 -0.4789
1.916   0.171   2.660  0.6015 -0.0370 -0.3252
1.191   1.762   1.003  0.2669 -0.1234 -0.0486
2.738   1.471   1.618 -0.4644  0.7820 -0.0061
0.877   2.734   0.980  0.1298  0.0413 -0.1209
1.132   0.008   2.893  0.3679 -0.1524  0.1297
0.788   1.296   1.280 -0.3743 -0.1700  0.1845
1.757   2.536   1.154 -0.0950 -0.0986 -0.0862
1.877   1.769   2.534  0.0030 -0.4334  0.3331
0.673   0.723   2.230 -0.0066 -0.3910 -0.1333
0.785   3.002   2.463 -0.0584  0.5685  0.7337
0.262   0.375   1.527 -0.4988 -0.2417  0.4127
1.148   1.651   0.309  0.2804 -0.3001 -0.1718
1.707   2.722   0.093 -0.0064 -0.6486  0.1782
1.666   2.022   2.299  0.0015 -0.3549 -0.1683
2.356   2.189   2.927 -0.4298 -0.1417 -0.7366
0.609   0.659   2.922  0.0329 -0.2711 -0.4361
0.782   1.444   2.887 -0.0704 -0.0094  0.2146
1.060   2.517   1.944 -0.1813 -0.0691 -0.0898
0.181   1.806   2.871  0.3138  0.0375 -0.1019
2.457   1.733   2.444 -0.1059  0.0624 -0.0762
1.573   2.305   2.286  0.2308 -0.3013  0.0021
0.949   2.717   2.119 -0.1153 -0.0559  0.2162
0.489   1.641   0.468  1.1748 -0.5486 -0.1005
0.021   1.950   0.534 -0.2759  0.1124 -0.1509
0.531   2.920   0.115  0.1561 -0.0864 -0.1335
3.044   1.620   2.887 -0.7346 -0.2511  0.2407
1.739   2.741   2.495  0.4100  0.3958 -0.0865
0.656   2.389   2.504  0.5290  0.2341  0.0576
2.889   0.926   1.970  0.2837  0.4555  0.3009
0.632   0.287   0.190  0.0053  0.4831  0.4547
0.830   2.737   2.383  0.2063  0.7029  0.4182
1.703   2.873   1.302  0.1790 -0.0413 -0.7101
0.840   2.702   2.952  0.2643 -0.1382  0.6605
1.282   0.940   0.796 -0.2009 -0.6360 -0.2431
1.334   1.611   2.556  1.0811  0.2452  0.0924
0.553   1.978   1.970  0.3617 -0.5032  0.6494
2.842   1.650   0.415  0.0712  0.3110 -0.7788
1.039   1.603   0.563 -0.0964 -0.4163 -0.9959
0.711   2.877   1.161  0.9904  0.2064 -0.3156
1.159   1.545   1.758  0.9038 -0.0652 -0.0340
2.813   0.264   0.099  0.4192 -0.1003 -0.0085
1.200   2.147   0.233  0.1038 -0.0878 -0.1713
2.452   2.607   2.961 -0.5376  0.1840  0.0258
0.336   2.039   1.610 -0.1844 -0.1131 -0.1758
1.852   0.596   0.888 -0.3269  0.2870  0.0223
1.510   2.614   2.136  0.5068 -0.2963  0.0969
1.311   1.743   0.701 -0.8234  0.2267  0.3349
2.884   2.816   2.746  0.3784 -0.0843  0.0328
2.423   2.707   2.265 -0.1971 -0.2841  0.2333
0.889   3.001   2.117 -0.0417 -0.2448  0.0350
2.096   1.889   2.636  0.0585  0.1842 -1.0716
2.825   0.749   1.106 -0.3376 -0.5092 -0.1641
1.186   0.812   0.111 -0.0064  0.0882 -0.1905
0.774   0.184   2.764  0.3171 -0.6730  0.3749
2.796   0.502   0.979  0.6765  0.1246  0.3120
1.368   3.025   1.866 -0.4372 -0.3136 -0.3562
2.740   3.047   0.910  0.3142  0.3323 -0.0530
1.777   0.271   1.928  0.6108 -0.0143 -0.4361
0.666   2.114   1.342 -0.2285  0.4013  0.2994
0.259   1.626   2.292  0.5030  0.1347 -0.0942
2.598   2.306   0.278  0.2762 -0.5173  0.5885
1.520   0.110   1.970 -0.2790 -0.5789 -0.3834
1.022   2.477   1.096  0.1309  0.2963  0.0395
2.848   0.070   0.446 -0.4227 -0.1650 -0.0435
1.604   0.268   1.472 -0.0294 -0.7588 -0.2190
3.078   0.161   0.814  0.0384  0.3082  0.0046
2.510   2.202   2.685 -0.2931 -0.5252 -0.2815
2.829   2.001   0.074 -0.2111 -0.1666  0.3425
2.526   1.594   0.352  0.5926  0.1236 -0.1767
0.720   2.909   1.528  0.2912  0.2146  0.0801
2.970   1.806   0.230  0.3432 -0.1014 -0.0566
1.638   2.794   2.724 -0.5098 -0.0185  0.1903
1.034   2.034   1.563 -0.2361  0.0922 -0.3621
0.073   2.891   3.058 -0.0943 -0.0830 -0.1941
2.083   2.488   0.837  0.3267 -0.2082 -0.1960
0.252   1.302   0.626 -0.5312 -0.2539  0.6635
1.492   0.275   2.739 -0.0070 -0.7622  0.2043
2.963   3.018   1.949  0.3072 -0.3324 -0.0475
2.422   2.905   0.358  0.5124 -0.5384  0.4173
2.720   0.576   1.552  0.1872 -0.3402 -0.1152
2.326   3.032   0.583 -0.1470 -0.7965 -0.1722
0.531   3.074   1.627 -0.3074  0.0548  0.3256
0.199   2.529   2.146  0.6703  0.2898  0.0427
2.737   2.004   1.404 -0.2871 -0.2326 -0.3205
2.824   1.158   1.194 -0.1813 -0.2547 -0.3083
2.602   3.069   0.504  0.7577 -0.8492  0.0859
1.966   2.178   0.467  0.1319  0.0863  0.0156
2.156   0.765   0.608 -0.6172  0.0347  0.1383
2.983   1.122   1.808 -0.3034  0.2607 -0.1919
0.381   1.574   0.714 -0.0185 -0.4131  0.0052
1.051   1.132   0.940 -0.6141 -0.6966  0.2583
2.317   1.440   1.252  0.1366 -0.2182 -0.0192
1.753   0.724   0.660 -0.4023 -0.0923 -0.6197
1.108   2.783   0.538 -0.0007  0.0285 -0.5567
2.038   0.687   2.884 -0.7265  0.2393 -0.1229
1.545   0.165   2.248  0.1281  0.1255  0.2219
3.005   2.765   1.455 -0.0048 -0.2626 -0.1448
1.868   2.486   0.199  0.0806  0.5663 -0.1960
0.583   1.084   1.951 -0.7874  0.0697  0.4357
2.482   0.773   0.986  0.5448 -0.4528 -0.0518
2.273   0.450   2.948  0.1926  0.5646  0.5663
1.664   0.525   1.603 -0.1779  0.5507 -0.2482
0.313   0.970   1.313  0.4300 -0.7543  0.3084
1.842   0.165   0.233 -0.8841 -0.3823  0.3532
0.687   3.005   0.435 -0.0915  0.1206  0.1849
1.115   0.064   0.212 -0.3984  0.2359  0.0178
2.968   1.410   3.029  0.1723  0.4618 -0.3400
2.481   2.634   0.674  0.0184 -0.5080  0.0691
1.278   0.020   0.742  0.2693 -0.0317 -0.4359
2.338   3.080   2.594  0.0365  0.1546  0.4230
3.027   0.864   1.493  0.1289  0.0565  0.6638
0.961   1.135   1.801 -0.2354 -0.0905 -0.2382
2.420   2.110   0.188  0.2126  0.2134  0.0698
1.579   0.690   1.791 -0.1485  0.3306 -0.2035
2.124   1.079   0.467 -0.5054  0.0425 -0.4146
1.311   2.182   1.875  0.5093  0.3345 -0.5077
0.261   0.765   1.465 -0.1254 -0.1644  0.3608
1.242   1.328   2.752  0.4953  0.0104 -0.6301
2.945   3.070   0.708 -0.1711  0.3291 -0.4131
1.695   2.745   0.546  0.6415 -0.2933  0.3878
1.419   2.951   0.558  0.1992  0.5871 -0.2778
2.337   2.969   2.339  0.2373 -0.1802  0.0962
0.532   1.445   1.797 -0.0956 -0.3574 -0.0464
0.987   0.814   1.896 -0.6107 -0.0165  0.2742
2.784   0.609   2.827 -0.3042  0.6156  1.2392
1.030   0.315   0.715 -0.2835 -0.6840 -0.1071
1.061   0.321   0.246 -0.1577 -0.3914  0.5232
2.214   0.552   1.656  0.5600  0.0713 -0.4046
3.014   0.375   1.470  0.9283  0.6898  0.1556
2.043   0.985   1.038 -0.1733  0.0229  0.0125
1.670   0.467   0.396  0.2046  0.1310  0.1992
0.421   1.196   1.767 -0.2595 -0.1341 -0.2941
1.948   0.891   3.038 -0.1624  0.5223 -0.4933
2.970   1.791   2.290  0.1102  0.3638  0.0661
1.377   0.508   0.181 -0.2641  0.2935 -0.0446
2.336   2.533   0.084  0.1175 -0.4564 -0.2429
1.906   1.961   0.605  0.1715  0.1513  0.3783
2.541   0.468   0.894  0.0303 -0.3978  0.1290
2.034   0.834   2.337 -0.0568  0.4710  0.1078
2.563   0.944   0.740  0.4227 -0.4301  0.2823
1.976   1.300   0.125  0.0813 -0.0338 -0.0188
1.227   2.581   0.182 -0.4734 -0.2231 -0.4430
1.783   2.189   2.514  0.1733 -0.0373 -0.0555
2.830   1.496   0.185  0.6221 -0.4812 -0.0434
1.586   0.136   1.139  0.1096 -0.2607  0.2606
2.228   1.796   1.077  0.3152 -0.0808  0.1382
2.590   0.447   2.285 -0.4435 -1.2446  0.2998
1.767   1.022   0.526 -0.1838 -0.1113  0.3110
2.852   2.393   2.305  0.6231  0.2523  0.6178
2.046   0.731   1.030 -0.2707  0.4007 -0.0685
1.524   2.346   2.621  0.5415 -0.2331  0.0799
2.815   0.012   2.181  0.0919  0.0339 -0.0310
2.325   2.339   0.840  0.7244 -0.4685  0.6871
2.672   0.154   1.085 -0.0806  0.9931  0.1484
2.471   1.132   2.644  0.0949  0.2946 -0.4431
3.108   1.236   2.851 -0.4212  0.5439 -0.1261
1.995   3.041   2.422 -0.2487 -0.3455  0.5683
1.913   0.138   1.174  0.0020 -0.6911 -0.1285
2.778   0.954   1.413  0.0107  0.2530 -0.6005
3.049   2.825   0.651 -0.6545  0.4222  0.2563
2.448   0.776   2.132  0.0858  0.1500 -0.1365
0.618   0.852   1.417 -0.6028  0.0613  0.8855
0.168   0.748   2.192 -0.0500  0.2234  0.6836
0.081   1.019   1.173 -0.2229  0.2043 -0.0322
1.906   2.585   2.270  0.0561 -0.5100  0.2470
2.718   2.408   1.363  0.0619  0.3274  0.0118
2.059   0.984   1.738  0.3176 -0.3419  0.6916
0.442   3.002   2.308  0.1101  0.2297 -0.3625
0.838   3.092   1.324 -0.4543 -0.1291 -0.1930
1.160   1.494   1.141  0.2682  0.1542  0.0483
2.103   2.751   0.765 -0.6430  0.4769 -0.1776
3.088   0.777   1.233  0.4053  0.5384 -0.1310
2.050   0.151   0.432 -0.1830  0.5437 -0.1512
2.472   0.477   2.524 -0.5762  0.0604  0.5569
2.448   2.867   3.058  0.3664 -0.3119 -0.1201
2.485   2.170   2.168  0.0932  0.2386  0.5266
1.584   1.848   0.582  0.0521  0.2072 -0.0194
2.362   1.912   1.750 -0.0859  0.0559 -0.3311
1.891   2.836   1.582 -0.4478  0.4155 -0.3568
1.628   2.087   1.476  0.2988  0.1492 -0.0583
0.179   1.069   1.817  0.3399 -0.4622  0.1635
2.317   0.761   1.286 -1.0489 -0.1270  0.2001
3.033   1.409   1.835 -0.4459  0.1360  0.1761
0.032   2.546   1.102 -0.3970 -0.1479 -0.2341
1.136   2.170   2.542 -0.3094  0.5656 -0.0177
1.893   2.261   1.951  0.5756 -0.1582 -0.2627
2.348   0.181   0.562 -0.1717 -0.6002  0.3592
2.252   0.612   2.706 -0.7105 -0.7455 -0.3689
2.165   2.123   0.713 -0.2389 -0.4000 -0.5786
2.886   1.901   0.614  0.1040  0.1393 -0.3076
2.264   0.405   0.754 -0.0726  0.5784 -0.0328
2.656   0.877   1.652 -0.1862 -0.1339 -0.5889
1.976   0.240   2.986 -0.4324  0.3874 -0.0309
2.290   2.765   1.152 -0.5399 -0.1612 -0.4429
1.444   0.311   0.365  0.8919 -0.0731 -0.8653
2.069   0.020   0.976 -0.0619  0.5101 -0.1137
0.779   2.787   0.110  0.2227  0.2579  0.0975
1.911   1.679   2.792  0.4796 -0.2369  0.0349
1.052   0.318   1.882  0.2959  0.2150  0.0643
0.669   1.674   3.036  0.2987  0.7097  0.1913
0.440   1.779   1.640  0.3019 -0.1553  0.2408
2.415   0.274   1.692  0.0199  0.6387 -0.1301
0.327   1.754   0.146 -0.0812 -0.2548 -0.3114
2.998   2.079   0.961  0.0458  0.1099 -0.5936
2.688   1.006   2.928 -0.1222 -0.1419 -0.4883
0.056   2.946   2.335  0.0444 -0.1764  0.1610
1.370   2.781   1.996 -0.6188  0.1591  0.4810
1.918   1.104   2.782 -0.2147  0.2621  0.3126
2.931   1.360   0.907 -0.0515 -0.4784 -0.3882
0.369   0.488   0.794 -0.1800  0.4328  0.3318
0.978   2.963   1.602  0.2280  0.5881  0.2920
2.647   1.314   0.207  0.2366  0.0434  0.0941
1.772   1.119   3.008 -0.2350 -0.1950 -0.8258
2.619   1.346   1.272  0.4512 -0.1944 -0.2381
2.675   1.847   2.371 -0.0350 -0.5702  0.1337
2.294   0.684   0.265  0.1611  0.3277 -0.1180
2.125   2.893   1.974  0.0989  0.2719 -0.5053
1.654   0.020   1.621 -0.1637  0.3301  0.9282
2.838   0.340   0.525 -0.5140 -0.2580 -0.5833
2.514   1.491   1.053  0.3375 -0.3583 -0.1862
0.542   1.688   2.237 -0.2080  0.2354 -0.3718
2.602   3.025   2.388 -0.1941  0.2637 -0.8225
1.841   0.537   2.079  0.7947 -0.5429  0.2096
0.937   0.860   2.659  0.4066  0.0219 -0.3819
0.566   1.124   2.344 -0.3558  0.3772 -0.0518
1.634   1.883   1.882 -0.1218  0.3043  0.0932
2.207   1.185   0.150  0.1408 -0.5057  0.1642
2.506   0.325   2.064  0.5489  0.0401 -0.6660
1.895   0.143   2.157 -0.0974 -0.7438 -0.3714
1.540   0.812   1.072 -0.2627  0.5570  0.5897
3.043   1.328   1.546 -0.2302  0.1741  0.8163
1.360   1.556   1.542  0.3345 -0.0263  0.0209
1.444   2.538   1.419  0.2001  0.4116 -0.1446
0.708   0.275   0.688 -0.0435  0.5502  0.1280
2.828   0.007   1.743  0.4695  0.0828 -0.3308
0.759   1.304   2.653  1.1323  0.2051  0.4757
0.297   0.703   2.476  0.4831 -0.1265 -0.4422
0.306   1.137   2.073 -0.5775  0.5142 -0.6111
1.335   0.759   0.342  0.3085 -0.1020  0.0213
0.431   0.651   1.253  0.6023 -0.2744  0.0994
2.225   1.943   2.396  0.0258  0.5974  0.0496
2.362   1.524   2.730 -0.2924  0.3778  0.0847
2.856   2.426   0.013 -0.7344 -0.3983  0.0919
0.181   2.521   2.415 -0.3052  0.2487 -0.0714
2.575   1.448   1.998 -0.0894 -0.6620  0.5520
2.479   2.059   2.448 -0.2662 -0.5886 -0.0109
1.632   1.367   1.490 -0.0431 -0.1921 -0.4862
2.895   1.572   2.407  0.3472 -0.1729  0.0765
0.381   0.861   1.707  0.2180 -0.2861 -0.2500
2.016   2.788   2.476 -0.3323  0.0461  0.3113
0.129   0.377   1.962  0.3635  0.2805 -0.0688
2.357   0.234   2.647 -0.2869  0.7622 -0.0023
0.268   2.911   2.841 -0.0299  0.0882 -0.1483
2.684   2.393   1.901 -0.0211  0.1804  0.0106
2.883   0.866   2.797  0.1555 -0.1644  0.4027
1.937   1.983   1.920 -0.1052  0.2759  0.4404
1.197   1.760   1.902 -0.4771 -0.4050  0.9702
2.864   1.428   2.659 -0.5262 -0.3641  0.8169
0.074   0.626   0.152 -0.0167  0.5561  0.3757
0.764   2.191   2.303 -0.9321  0.2998 -0.4931
2.849   1.002   0.336 -0.8532 -0.3297  0.0172
3.012   2.330   0.556  0.1347 -0.1311  0.2484
0.246   2.961   0.194 -0.0516 -0.6788  0.2757
1.950   0.547   2.563 -0.7044  0.5921  0.2988
2.419   0.772   2.551  0.0803 -0.1208 -0.3164
1.647   0.616   2.897  0.0488 -0.0735  0.6553
0.936   0.205   0.945 -0.1623  0.4103 -0.9259
2.199   0.882   2.047  0.4563 -0.1560 -0.1900
2.542   1.699   0.109  0.2296  0.7385 -0.2456
0.051   2.408   1.576 -0.1027  0.1570  0.0775
2.440   2.869   2.771  0.1289 -0.5415  0.0145
2.368   1.157   2.390 -0.5272 -0.5342  0.0327
2.725   0.442   2.601 -0.0745 -0.2986  0.0620
2.185   0.239   1.848  0.0999 -0.2857  0.0618
2.707   2.919   3.115 -0.4530 -0.0845 -0.4391
2.922   3.015   1.206 -0.4664 -0.3477  0.2511
1.156   0.787   2.329 -0.2191 -0.4316 -0.1853
2.129   1.069   2.277 -1.0134  0.8516  0.2099
2.361   0.189   2.925 -0.0976 -0.8898 -0.2711
0.278   1.079   0.884  0.2789  0.3863  0.1830
2.261   2.192   1.370 -0.1525  0.0591 -0.0400
2.310   2.674   2.014  0.1562 -0.2899 -0.1992
1.277   1.311   0.535  0.1361  0.2881 -0.1906
2.619   0.685   0.444 -0.2970 -0.4152  0.3721
1.688   2.055   1.207  0.0276 -0.1553 -0.1080
0.170   1.659   1.215  0.1467 -0.1663  0.4686
2.996   2.310   0.819 -0.2539  0.4494 -0.0077
2.388   1.029   3.108 -0.1351  0.1349 -0.0867
1.601   0.659   2.054 -0.2927  0.5779  0.5038
2.614   1.778   1.298 -0.2503 -0.8046 -0.1079
0.808   1.720   2.100  0.5863  0.3508 -0.3033
1.651   1.434   1.994  0.1706 -0.5294 -0.0610
1.486   2.479   1.150  0.2452 -0.4147 -0.5206
1.900   1.295   0.691  0.1260 -0.2105  0.7558
2.264   0.711   2.327 -0.2189 -0.0059 -0.1167
1.772   1.444   2.758  0.6833 -0.2074 -0.6823
2.426   1.330   0.416 -0.1963 -0.4619 -0.0374
0.989   1.897   1.996 -0.4209 -0.2222  0.0160
2.014   1.190   2.488  0.5158 -0.6662 -0.5063
2.134   2.501   1.197  0.3170  0.2592  0.2577
1.398   2.213   1.608  0.2700 -0.0431 -0.0518
1.966   0.162   1.542  0.6196  0.1381 -0.3415
2.189   3.114   1.485 -0.5266 -0.1501 -0.1451
1.932   1.727   1.844 -0.0354  0.8673 -0.3930
1.085   1.943   1.301  0.6494 -0.1036  0.4659
3.067   1.217   1.298  0.3652  0.4401  0.0922
3.072   2.371   2.476  0.2224 -0.0532 -0.4323
0.513   0.528   2.174 -0.3270 -0.4855 -0.0291
0.279   1.054   2.612 -0.5613  0.2828 -0.2817
0.913   0.476   1.704 -0.3972 -0.1097 -0.1940
0.165   2.589   0.362 -0.4747 -0.6815  0.6874
2.963   0.148   2.527  0.0259 -0.0140 -0.5617
0.223   1.759   0.502  0.0435 -0.6071  0.1676
1.829   1.562   2.369 -0.4549  0.1201  0.2990
2.572   0.878   1.898 -0.4922 -0.0386 -0.9221
2.260   1.808   0.223 -0.6356 -0.3506 -0.6266
0.801   2.382   0.375  0.6078  0.6790 -0.0202
1.501   1.863   1.165  0.4167  0.1051  0.8346
2.136   1.890   3.101  0.7652 -0.1878  0.1773
1.800   2.613   1.409  0.1237 -0.2029  0.1166
2.397   1.264   2.100  0.0132 -0.9967 -0.3751
2.367   2.075   0.472  0.1097  0.6259  0.1258
2.664   2.830   2.586  0.0975 -0.2828 -0.0261
0.144   2.115   2.162  0.5153  0.0580 -0.2691
1.933   2.390   1.021  0.1383  0.1473 -0.0483
2.350   2.767   1.754  0.5512  0.4041 -0.1454
1.174   2.458   2.606 -0.5331 -0.0816 -0.4290
2.169   0.393   2.539 -0.1775 -0.2544  0.7277
1.920   1.075   1.371 -0.2908  0.5789  0.3728
2.367   1.906   2.920 -0.7374  0.0620 -0.6122
1.245   2.271   1.227 -0.0939 -0.2360  0.2398
1.375   1.930   1.792  0.4893  0.0986  0.0313
1.592   0.265   2.992 -0.5331 -0.1453  0.2114
2.369   2.399   1.118  0.6151  0.0605 -0.2007
0.118   2.377  -0.005 -0.0020 -0.4108  0.2466
3.064   1.178   2.114 -0.4810  0.2363 -0.3699
0.026   2.862   1.005  0.5821  0.0116 -0.2480
0.236   0.004   0.563 -0.1259  0.4700  0.2208
2.645   1.719   1.029 -0.1048  0.1204  0.0689
2.273   0.881   0.838  0.2055  0.4470 -0.0760
2.563   1.418   2.568  0.0972  0.0393 -0.5876
1.152   2.269   1.476  0.0810 -0.5068 -0.3156
1.666   1.388   0.597  0.2107 -0.1592  0.0122
2.263   1.407   2.948 -0.0939 -0.1654  0.4589
2.740   2.102   1.977 -0.1517 -0.0325 -0.0671
0.259   1.495   0.047 -0.6779 -0.5660  0.0697
2.163   2.038   1.167 -0.2457  0.3883 -0.2224
1.510   0.831   0.109 -0.1140 -0.0035  0.5510
2.602   1.803   0.699 -0.2772 -0.6193 -0.1626
0.362   0.109   1.485 -0.2663 -0.0067  0.4273
2.067   0.477   0.008  0.1776 -0.4172 -0.4232
0.554   1.904   0.283 -0.1908  0.8641 -0.1589
1.314   0.703   1.781  0.1147  0.2562  1.0300
2.305   1.299   1.801 -0.4504  0.4912  0.0827
2.249   1.697   2.244 -0.0085  0.6274 -0.8008
2.768   1.985   0.840 -0.0965 -0.5616  0.3555
2.029   1.502   2.998 -0.0487  0.0889 -0.3093
0.876   0.731   0.645 -0.0639 -0.3450 -0.1671
0.741   2.194   2.029  0.5721 -0.4161 -0.3924
2.932   2.742   0.164 -0.0517  0.1921 -0.3201
1.617   2.168   0.112 -0.6957  0.0330  0.2861
1.979   2.932   2.817 -0.3667 -0.4634  0.5807
2.222   2.387   1.710 -0.4449 -0.2688  0.0649
0.728   1.832   1.628  0.4833  0.1365 -0.3536
2.975   2.365   1.169  0.2500 -0.5361  0.1962
0.425   0.904   2.291  0.5220 -0.3284  0.4514
1.358   2.210   2.160 -0.4781 -0.1251  0.0197
0.066   0.335   0.562 -0.3678  0.0473  0.0386
3.054   0.502   0.388 -0.5865  0.6577  0.3974
2.420   0.917   1.473 -0.7933 -0.1140 -0.4357
2.759   1.564   1.363  0.1480  0.2348  0.4315
2.241   0.932   2.673 -0.3766  0.0823 -1.1447
2.266   1.612   0.652 -0.2263 -0.0603  0.2535
1.462   3.013   1.223  0.0745  0.0412 -0.2007
1.409   1.312   2.984  0.1705 -0.7834 -0.3302
0.539   0.150   2.359 -0.0336  0.0284  0.0464
2.345   0.063   1.020 -0.4669  0.0325 -0.1157
0.479   2.358   2.715 -0.3243 -0.2887  0.0218
0.536   2.366   0.316 -0.0092  0.6074 -0.2860
3.060   2.122   2.345 -0.6585 -0.0636 -0.1694
0.657   0.144   0.914 -0.5605 -0.7611 -0.4140
1.573   2.508   0.449 -0.2014  0.1227  0.1600
3.069   2.617   2.710  0.5455 -0.4454  0.4712
1.539   2.791   0.812 -0.3719  0.1036  1.0052
1.483   0.429   2.390 -0.5295  0.2828 -0.5386
1.654   2.929   0.341  0.7146 -0.2727  0.6732
1.511   1.081   0.201 -0.1602  0.1748  0.2336
1.057   1.923   2.654  0.0105 -0.7525  0.3641
1.828   0.448   0.621 -0.5061 -0.8338 -0.1622
2.182   2.759   2.708  0.0654 -0.1827  0.4037
0.057   0.826   1.821 -0.4368 -0.5086  0.2185
2.546   0.074   3.077  0.0583  0.4902  0.2822
0.017   0.030   1.337 -0.1653 -0.2986  0.1895
2.799   2.815   1.795  0.2269 -0.0635  0.0569
2.685   2.698   2.196  0.0996  0.0753 -0.3269
2.619   1.909   1.827  0.0501  0.0379 -0.2289
3.063   0.337   2.344 -0.5124 -0.4077  0.4963
2.985   1.450   2.176 -0.4188  0.3031  0.2678
2.680   2.782   0.263  0.1869 -0.3220 -0.0487
0.151   0.204   1.748 -0.2548 -0.9548 -0.0448
1.657   2.205   1.819  0.1948 -0.0750  0.2443
1.183   0.479   3.005  0.4729 -0.2786 -0.0073
0.006   1.839   1.712 -0.2763  0.3950  0.3656
2.538   1.141   1.848  0.1517  0.0679  0.4036
2.803   2.627   1.967 -0.3592  0.5707  0.2170
2.098   2.364   0.135  0.1543  0.1115 -0.1699
1.152   0.063   1.942 -0.2938 -0.7421  0.0983
2.357   2.382   2.560  0.1492  0.1975  0.5204
1.354   0.404   1.571 -0.4559 -0.2767 -1.2480
0.006   2.335   0.225 -0.0451 -0.4377 -0.6689
0.145   0.557   1.240  0.3059 -0.0487  0.5172
0.017   2.057   2.929  0.8475 -0.2631  0.6842
0.169   2.444   0.595  0.1375  0.1528 -0.3071
2.305   2.945   0.846  0.3110  0.1149  0.5026
1.965   0.389   1.774 -0.7912  0.4492  0.1492
2.715   2.200   2.450  0.3924 -0.1204  0.7396
2.726   2.595   2.453 -0.0031  0.3231  0.1314
2.751   1.892   2.633 -0.3819  0.2742 -0.5642
2.803   2.157   0.500  0.3083  0.4637  0.1686
2.454   0.836   2.869 -0.1110  0.6603 -0.3812
0.814   2.407   0.680  0.8681 -0.9496  0.1858
0.135   1.848   2.205 -0.6173 -0.1221  0.1537
1.733   0.918   0.874  0.2069 -0.4334  0.4623
1.930   0.013   0.026 -0.1494  0.1539 -0.7616
2.052   2.855   1.036 -0.0517 -0.0232  0.2163
0.985   2.195   1.058  0.8120 -0.7347  0.1976
2.438   1.459   0.030  0.1547  0.1903 -0.2631
0.983   1.077   1.210  0.0571 -0.3808  0.3022
0.505   0.538   0.039  0.8005 -0.2750  0.0032
2.038   2.134   2.323  0.3033  0.6378 -0.1982
1.248   2.511   3.030 -0.7214  0.2553 -0.5128
2.040   0.350   1.334  0.2083 -0.2185  0.2780
2.026   2.375   2.933  0.3739 -0.2756 -0.6434
2.558   1.181   1.474 -0.5652  0.5524  0.4832
2.735   0.208   2.353 -0.6079  0.2984  0.5157
1.592   1.702   2.322  0.1468 -0.1591 -0.2230
2.620   2.883   0.683  0.2233  0.1230  0.3368
2.991   2.202   1.688 -0.3169  0.3198 -0.7150
1.747   2.733   2.052  0.4366 -0.2867  0.3270
1.376   1.828   0.336  0.0219 -0.0182  0.2111
1.377   1.344   0.163 -0.3032  0.4482  0.1371
2.740   2.801   1.063  0.2163  0.2761  0.5188
0.430   2.050   1.114 -0.1630  0.1820 -0.5287
0.213   1.191   0.022 -0.2174  0.1883  0.0212
2.146   1.407   0.441 -0.3444 -0.2009  0.5405
2.396   1.795   0.484  0.2900 -0.3403 -0.1642
1.233   0.231   2.596 -0.1281  0.0687 -0.0846
2.873   0.276   2.778 -0.0838 -0.3408  0.3383
0.771   2.294   1.766 -0.0947  0.5348 -0.3806
1.109   2.626   2.419  0.2881  0.1678 -0.1639
2.004   0.030   1.809 -0.2387  0.4575  0.2955
1.959   0.573   1.565 -0.1422 -0.1335  0.0338
1.807   0.652   2.304  0.3253  0.3590 -0.0374
1.780   0.816   0.158 -0.2630  0.3369  0.2785
2.881   2.216   0.208  0.9635 -0.1331  0.7471
1.870   1.624   0.092 -0.2043 -0.4918  0.0360
0.179   1.376   1.202  0.2277 -0.3147  0.6810
0.432   3.112   0.349  0.2054 -0.1035  0.1136
1.507   2.393   1.950 -0.0267 -0.5769 -0.0505
2.577   1.955   0.021  0.6045  0.4189  0.1060
0.178   2.727   0.788  0.0198  0.0814 -0.6544
2.498   2.728   0.960 -0.0564  0.2651 -0.0270
1.361   2.017   1.339  0.6228  0.3234 -0.1361
3.108   2.227   1.367 -0.2685 -0.5306  0.1522
2.248   2.673   0.566 -0.5014  0.2745 -0.2206
1.236   2.521   1.595 -0.4920 -0.0929 -0.4238
2.920   2.701   0.877 -0.1067 -0.0031 -0.0000
0.543   2.812   2.614 -0.6570 -0.5625  0.3769
1.670   3.082   3.021 -0.3991 -0.1653  0.4816
2.750   0.787   0.810 -0.1787  0.9154  0.6445
1.506   3.104   2.792  0.2523  0.1293  0.0807
1.147   1.285   2.143  0.5354  0.6055 -0.1858
2.754   2.316   1.653 -0.2512  0.2006  0.0378
2.076   2.363   2.476  0.0971  0.0333 -0.5829
0.079   0.852   2.618  0.1467 -0.1165 -0.6606
3.054   0.212   2.092 -0.1019  0.5840 -0.5402
0.447   1.065   0.448  0.2787 -0.2768 -0.1921
1.413   2.973   1.601  0.0645  0.1527  0.2810
3.026   1.642   1.549 -0.3063  0.0764 -0.1020
0.390   1.279   2.486  0.6435  0.6898  0.3462
3.034   0.779   2.384  0.1877 -0.3223  0.0053
0.655   2.026   0.568  0.8893  0.6141  0.4817
1.070   0.709   1.625  0.6323  0.7811 -0.0956
0.364   1.192   2.869  0.2734  0.5899 -0.1376
1.422   2.785   2.922  0.1694  0.5873  0.2911
0.100   1.740   2.599  0.2868 -0.4546 -0.2045
1.547   2.562   2.397  0.0103 -0.2225 -0.3160
0.702   0.408   1.275 -0.4487  0.0967 -0.4654
2.421   2.915   1.370 -0.1324  0.1760  0.1292
1.112   0.708   1.360 -0.5038 -0.4486 -0.1011
1.985   1.832   2.142 -0.4018 -0.0262  0.4816
0.569   1.294   0.548 -0.2163  0.2652  0.4755
2.847   1.111   0.909  0.1726  0.0667  0.2498
0.377   2.469   2.927 -0.2200  0.2047 -0.4173
1.324   2.359   0.656 -0.3211  0.0733  0.6976
0.002   0.101   0.418  0.0403  0.0109 -0.5175
0.111   0.731   0.498  0.0697 -0.1156  0.2001
2.257   1.234   0.949 -0.7272 -0.2728 -0.1124
0.976   1.684   2.767 -0.5474 -0.2272  0.2049
2.227   2.109   1.627  0.1600 -0.0369 -0.6457
1.563   0.805   0.505 -0.2559  0.7000  0.3799
2.847   0.362   1.725  0.8538 -0.1996 -0.4348
1.608   1.596   0.457 -0.1109 -0.0514 -0.3268
1.780   2.799   1.029 -0.1179 -0.0911 -0.1999
2.876   0.714   0.442  0.3797 -0.0098 -0.6580
1.775   0.905   1.493 -0.2273 -0.1598  0.2149
1.839   1.650   0.790  0.2752 -0.0717 -0.2627
0.891   2.306   1.356  0.1971 -0.3229  0.2765
2.542   2.949   1.832  0.2888 -0.3824  0.2461
1.637   1.652   1.271  0.4376  0.4764 -0.5910
0.136   1.600   0.314  0.0703  0.0417 -0.6017
2.627   0.722   1.332  0.0177 -0.1448  0.4856
2.536   1.205   0.662  0.3924 -0.1007  0.4256
1.498   1.819   0.905 -0.0385  0.0414 -0.8015
0.569   1.025   1.082  0.1596  0.1308 -0.1359
1.039   0.069   1.173  0.6272  0.7981 -0.5728
0.719   0.763   2.487 -0.2798 -0.0442 -0.2396
1.418   1.480   2.323 -0.1679 -0.0730  0.4087
1.437   1.338   0.779  0.4444 -0.4951  0.0227
0.135   1.518   1.698 -0.0323  0.2941 -0.0602
0.636   1.833   1.381  0.3251  0.2072 -0.3626
1.042   2.807   0.165  0.2548 -0.1924  0.2317
1.862   2.323   2.218  0.3607  0.3560  0.7117
1.946   0.600   1.239 -0.2152  0.4517  0.2950
0.866   0.219   1.416  0.1362  0.2559 -0.4155
1.070   2.328   0.770  0.5587  0.2098  0.0674
2.763   1.355   0.695  0.1585  0.4427 -0.2353
2.480   1.468   2.313  0.5004 -0.3571  0.6470
1.603   2.064   2.768  0.1433 -0.1754 -0.1562
1.349   0.835   2.988 -0.5825  0.1357  0.2042
1.708   1.686   2.076 -0.2508 -0.3627 -0.0607
0.116   1.534   0.639  0.4297  0.3106 -0.2198
2.710   2.536   2.923 -0.2546  0.0849 -0.0926
2.953   2.306   2.044  0.3060  0.4911  0.0493
0.186   1.476   2.519 -0.2789  0.3591  0.0165
0.194   2.216   1.123 -0.4196 -0.1459 -0.4900
1.964   0.270   2.400 -0.2311 -0.1510 -0.3201
1.952   2.074   0.073 -0.1806 -0.1253 -0.1139
1.564   2.902   2.327  0.4010  0.0676  0.1667
0.279   0.033   1.230 -0.0902  0.2728  0.5979
1.643   1.391   1.144 -0.3200  0.1868 -0.0149
1.275   0.273   2.164 -0.6638 -0.4379  0.1369
1.310   1.850   1.540  0.0277 -0.2333  0.0406
2.321   1.179   1.359  0.5190 -0.0027  0.1307
0.891   0.431   2.080 -0.1014 -0.1467  0.2310
1.339   1.278   1.527 -0.0805  0.3156 -0.0019
0.366   1.621   2.953 -0.2182  0.4595  0.3471
1.341   0.652   2.135 -0.1303  0.9957  0.4032
1.029   1.244   2.496  0.2941  0.0419  0.3059
0.021   0.654   2.827 -0.0264 -0.5872 -0.0178
1.394   2.163   0.829 -0.4811 -0.0482 -0.2293
1.197   3.033   1.460  0.4452 -0.6079  0.1838
3.037   2.635   1.693  0.2044 -0.2083  0.2219
0.104   1.285   0.907  0.0401  0.2893  0.0472
0.735   2.591   2.664 -0.2746  0.1811  0.0442
1.378   2.086   2.419  0.1637  0.3945  0.0150
0.669   0.267   2.072 -0.0700  0.3488  0.0834
1.314   1.217   2.327  0.3194 -0.7223 -0.0093
3.034   1.057   0.073 -0.3588 -0.0855 -0.1840
1.461   0.559   0.613  0.8502  0.2206  0.0903
2.055   2.543   1.453 -0.2075  0.2919  0.4388
2.157   0.982   1.494  0.0632  0.3324 -0.0556
1.997   1.047   0.699 -0.6025  0.8034  0.2705
1.434   1.126   0.946 -0.1761 -0.1602 -0.3530
1.347   2.237   2.817 -0.4158 -0.1795 -0.1285
0.827   0.417   0.303  0.2992  0.0134  0.0488
1.373   2.734   0.390 -0.1577 -0.2353  0.5177
2.133   3.096   2.168  0.5131  0.4604 -0.3982
1.421   0.982   1.209 -0.2367  0.0575  0.7510
1.369   2.656   1.000 -0.5976 -0.0725 -0.7831
1.310   0.428   1.948  0.2101 -0.2065 -0.1541
2.260   0.799   1.758  0.1316 -0.6184  0.2910
1.000   1.190   3.032  0.7448  0.1701 -0.3976
1.836   2.444   2.537  0.0617 -0.2693  0.1747
1.916   1.694   1.210 -0.2055 -0.2210  0.0697
1.953   1.235   1.783 -0.2127 -0.5706 -0.1016
0.903   0.582   1.214  0.4460  0.4637 -0.0714
0.260   1.711   1.850 -0.3054 -0.7863  0.1197
2.629   0.340   0.309 -0.4903  0.4090  0.0395
1.429   0.499   1.111  0.1474 -0.2319  0.4086
0.204   0.267   0.951 -0.2819  0.3870  0.6263
0.407   2.696   2.180 -0.1931  0.0539 -0.2383
1.950   1.324   0.968  0.1154  0.3641 -0.1799
0.012   1.442   0.127  0.1679 -0.0335 -0.3000
2.471   2.584   1.307 -0.1188  0.0925  0.0650
1.122   3.064   2.544  0.6829  0.4412 -0.7109
0.827   1.541   1.575 -0.2570  0.5068 -0.1708
0.935   2.244   0.196  0.1759  0.1944  0.1619
1.097   0.280   2.849  0.3180 -0.0598  0.1083
2.349   0.223   1.430 -0.3881  0.8146  0.0617
1.660   0.395   1.234  0.0260 -0.7776 -0.1505
2.486   0.036   1.254  0.7561 -0.2999  0.5260
0.023   2.883   1.750  0.2455 -0.1245  0.2253
0.369   1.202   1.088  0.2811 -0.1303 -0.2208
2.908   0.694   1.692 -0.0288 -0.0087  0.1937
0.256   1.224   0.347  0.4741  0.3896  0.0657
1.254   2.952   3.064 -0.5516 -0.0743  0.7823
0.007   0.973   2.910 -0.1168  0.4338 -0.2231
1.336   2.415   0.359 -0.7368  0.3141 -0.5809
2.909   1.620   1.036 -0.1300  0.1978 -0.1497
1.070   0.436   1.069  1.3050  0.2225  0.0740
1.041   1.367   0.235 -0.2137  0.1182 -0.0868
2.611   0.952   0.458 -0.0587 -0.2103  0.0383
1.705   0.671   1.357 -0.1182  0.6398 -0.1907
3.010   0.657   0.675  0.0453 -0.0255 -0.7823
0.525   2.590   1.472  0.1679 -0.2342 -0.3069
1.103   0.308   1.324  0.2468  0.7493 -0.2712
1.492   0.290   1.774 -0.1710 -0.3709 -0.5213
1.439   1.302   2.020  0.2891  0.3354  0.1208
0.707   0.692   1.627 -0.0664  0.1837  0.1560
1.515   1.045   2.950  0.0489  0.2828  0.2738
0.659   1.112   1.453 -0.4631 -0.5829 -0.4212
1.012   2.930   2.737 -0.0185  0.5485  0.5239
0.580   2.623   2.385 -0.3325 -0.2536 -0.1654
2.479   1.488   1.720 -0.1522 -0.0642  0.3780
1.748   2.312   0.359 -0.6843  0.4253  0.0477
2.626   0.515   1.877 -0.3580  0.3062  0.1011
0.138   2.142   0.384  0.5137 -0.0053 -0.9209
0.245   0.154   2.392 -0.5896  0.3924  0.1840
0.884   2.683   0.393 -0.4687 -0.6417 -0.1181
3.024   0.944   0.760  0.4057  0.5831 -0.1862
3.022   1.960   2.571 -0.0604 -0.2819 -0.0837
1.842   1.837   0.999  0.9196  0.1929 -0.2595
1.812   3.101   1.384  0.5447 -0.3601  0.1124
2.401   1.417   0.799  0.0408 -0.3057 -0.0688
1.432   2.600   0.663  0.1713 -0.5789 -0.1795
1.394   2.611   2.607 -0.1440 -0.3889  0.0353
2.270   0.535   1.001  0.2628 -0.1600  0.4873
1.812   1.165   1.126 -0.3918  0.1377 -0.0286
1.353   1.705   2.126 -0.2415 -0.4095 -0.3407
2.872   1.934   1.664 -0.3247  0.7209 -0.0896
2.970   1.739   1.309 -0.3314  0.7724  0.4942
1.511   1.503   2.796 -0.0449 -0.4025 -0.4439
0.363   0.846   0.604  0.8676 -0.1137  0.0140
1.388   1.038   0.572 -0.0995 -0.0751  0.0609
2.838   1.530   1.962 -0.3677 -0.4596  0.0626
1.812   2.530   2.806  0.8807  0.0744 -0.4529
2.374   3.089   0.154 -0.6330 -0.2143  0.3276
1.146   0.714   0.546  0.8509 -0.4823  0.6794
1.730   0.229   0.797  0.0923 -0.7071  0.2374
2.728   1.086   0.078 -0.4064  0.0063  0.3099
1.358   0.575   1.369 -0.3287 -0.3255 -0.1679
1.271   0.349   0.893  0.4664 -0.3380 -0.4810
1.122   2.246   2.046 -0.1850  0.0479 -0.3728
0.987   1.515   1.351  0.6685  0.2825 -0.1148
1.034   2.998   0.779 -0.2665  0.2762  0.0331
0.811   0.727   0.921  0.0921  0.0721 -0.1817
1.841   0.353   1.012  0.4767  0.1125  0.2382
0.501   2.085   2.768  0.4680 -0.4347 -0.4127
0.852   1.221   0.721 -0.1581 -0.0322 -0.2301
2.050   1.860   1.382  0.5590 -0.2070  0.1186
0.064   2.647   0.055 -0.3062  0.2438  0.2088
0.647   1.066   0.135  0.2593  0.1784 -0.0363
0.279   0.199   2.819 -0.2640  0.0400  0.0017
0.694   0.910   0.470 -0.5168 -0.0281 -0.2384
0.541   1.372   2.219  0.1319  0.0246  0.0755
1.626   1.715   3.099  0.0118 -0.4681  0.4866
2.943   1.231   0.505 -0.1212  0.2720 -0.2621
2.041   1.443   1.189 -0.0597 -0.1475  0.4248
0.635   1.255   3.049  0.4839  0.6154  0.2032
0.798   0.634   1.912  0.1664 -0.5032 -0.0520
1.619   1.106   1.348  0.4881  0.1760  0.2922
0.304   1.828   1.045  0.2984  0.1245 -0.0963
0.293   0.039   1.949 -0.1240  0.2871  0.0403
2.567   0.104   1.853 -0.0615 -0.3134 -0.2487
0.791   1.163   0.416 -0.4099 -0.2872  0.1205
2.722   2.854   1.345  0.0639 -0.0058 -0.0688
0.558   1.529   1.506  0.0972 -0.3705  0.0179
0.614   1.817   2.821 -0.0655 -0.3308 -0.0036
1.249   1.085   0.342  0.0151 -0.0899 -0.1695
0.985   1.080   2.068  0.0953  0.4935  0.3688
0.339   0.660   2.007 -0.2909  0.0916  0.0791
0.382   0.980   0.127 -0.3634  0.7691 -0.5121
1.481   0.146   0.881  0.2328 -0.2662  0.2953
0.872   1.009   2.888 -0.7121 -0.3159  0.0018
2.290   1.993   2.010  0.1905  0.2423  0.3983
0.729   0.645   0.182  0.3581  0.2148 -0.2399
0.832   0.868   1.214  0.3071  0.0134  0.1656
2.635   2.941   2.099 -0.1824 -0.1303 -0.0335
0.560   2.195   1.611  0.1580  0.0358  0.0628
1.753   1.205   2.253  0.4830  0.4368  0.3500
2.705   1.621   2.216  0.0026 -0.0883  0.3795
0.238   0.095   0.083  0.1707 -0.2050 -0.2589
2.752   0.419   1.272  0.1518  0.8420  0.4539
1.897   2.722   3.011  0.5707 -0.0112  0.0051
1.673   1.984   3.017 -0.1644  0.1025  0.6534
0.796   2.169   0.841 -0.4495 -0.3654 -0.0207
0.144   0.061   2.169 -0.0863 -0.1061 -0.2793
0.399   2.333   2.056 -0.6876 -0.2374 -0.1313
2.894   0.546   2.412  0.9719 -0.1287 -0.0785
1.018   1.663   2.260  0.7502  0.5949 -0.0905
2.934   2.020   1.233 -0.0359  0.0197 -0.3687
1.942   0.782   1.951  0.3108 -0.2537 -0.4353
0.446   3.107   2.885 -0.1769 -0.5409 -0.8889
0.606   1.446   2.494 -0.4642 -0.3423 -0.3787
2.343   1.673   1.607  0.6681 -0.0597 -0.6753
2.758   1.183   1.671  0.7571 -0.0072  0.6987
0.851   0.039   0.617 -0.8439 -0.2750 -0.6774
2.847   1.727   3.084 -0.2966  0.1500 -0.3270
0.444   2.625   0.362 -0.4201 -0.1267 -0.5144
1.145   3.021   2.264  0.0948  0.8687 -0.4445
0.409   1.909   2.195  0.1405  0.4446  0.5772
0.306   0.340   3.070 -0.0731 -0.2128 -0.2064
1.904   2.328   1.541 -0.1388  0.2969  0.0248
0.180   0.578   1.796 -0.8047  0.3812  0.0703
1.469   3.015   0.125  0.1073 -0.0760 -0.3460
2.379   2.428   2.279 -0.1396  0.3625  0.4132
1.005   1.326   0.515 -0.3100  0.2594  0.2209
0.993   0.621   2.766 -0.0932 -0.4845 -0.4121
0.289   0.886   2.939  0.2414  0.1926  0.5624
1.778   1.114   0.234 -0.5960  0.9232  0.0899
2.254   0.779   0.021  0.4881  0.1095 -0.4464
2.542   1.058   2.192  0.6415 -0.1251  0.0230
2.734   0.567   3.110 -0.2764 -0.0692  0.4672
0.755   1.807   2.370  0.1432  0.1110 -0.3047
0.884   2.525   1.691  0.4906  0.6283  0.2943
3.010   0.517   1.913  0.3893 -0.3724  0.3366
0.777   0.115   1.669  0.1390 -0.0067  0.2166
0.045   2.823   0.324  0.3249 -0.5674  0.1856
0.533   2.783   2.924 -0.1551  0.0593  0.0302
1.192   1.667   0.011  0.3173  0.6959  0.2876
0.841   0.390   2.376  0.1203 -0.0608  0.0324
1.997   0.797   2.609  0.4993  0.1809 -0.0513
0.356   1.423   2.060 -0.0403  0.1449  0.7689
2.331   0.890   0.428  0.0599 -0.4476  0.0446
3.002   0.011   2.853 -0.2233 -0.0437  0.3855
2.091   1.487   2.292  0.3750 -0.1220  0.1874
1.307   2.560   1.855  0.6084  0.6074 -0.4550
1.489   2.206   1.096 -0.1383  0.1161 -0.6352
0.755   1.668   0.962  0.1733 -0.0893 -0.0053
2.165   0.520   2.137  0.6390  0.2990 -0.1252
0.319   1.897   2.537  0.3440 -0.2371 -0.3583
0.512   0.084   0.017  0.0937  0.2265  0.5807
0.723   0.854   3.096 -0.1919  0.3712 -0.1785
1.357   1.091   1.862 -0.0732  0.0895  0.4445
0.615   1.718   1.896  0.1910 -0.2578 -0.4403
0.635   2.741   0.505  0.2751 -0.2528 -0.5494
1.080   1.498   2.952 -0.3198 -0.2537 -0.3594
3.101   1.273   2.580 -0.1277 -0.8067 -0.3576
0.292   0.524   0.455  0.1239 -0.0826 -0.4027
1.397   0.696   0.866  0.3969 -0.5242  0.1669
1.335   1.562   0.475 -0.3009  0.0819  0.3024
1.057   1.506   2.563  0.0246 -0.8046 -0.1166
1.913   1.900   2.942  0.0900  0.6153 -0.0555
0.390   1.884   0.730 -0.0563 -0.5091 -0.1727
0.673   0.342   1.803 -0.9132  0.0215  0.0173
0.910   3.072   1.852 -0.0130  0.2281  0.2387
1.215   0.850   2.735  0.2030 -0.0206  0.8138
1.304   0.472   2.755 -0.0874  0.0451 -0.0181
1.460   0.703   2.703  0.4867  0.0401  0.1754
3.022   1.055   2.403 -0.3480  0.1953 -0.0500
1.541   1.197   1.677 -0.2615  0.1243 -0.1492
1.767   0.871   2.759 -0.2099 -0.4001 -0.2509
0.595   2.056   2.515 -0.4765  0.5073 -0.7132
0.880   1.748   1.251  0.1812  0.2838  0.2619
1.930   1.443   1.622  0.0531  0.4206 -0.3746
1.189   0.876   1.152 -0.2741  0.6092  0.2825
3.057   1.230   0.273 -0.5049 -0.6627 -0.2783
1.133   1.371   0.868 -0.2291  0.4146  0.6605
2.987   0.480   2.958 -0.4195  0.2064  0.8165
2.280   0.492   1.301 -0.5752 -0.1458 -0.7472
1.253   2.023   1.055  0.8699  0.5544 -0.2808
2.382   0.220   0.278  0.3218  0.6983 -0.2929
2.704   1.666   2.792 -0.1470 -0.3188 -0.8193
0.457   0.282   0.635 -0.2926 -0.3305 -0.5439
2.968   3.062   0.027 -0.3136  0.5637  0.4571
2.943   2.577   0.416 -0.2438 -0.5486  0.2035
2.697   1.408   3.001  0.6778  0.6215 -0.3863
0.224   1.414   2.850 -0.3466  0.0006 -0.5769
0.927   1.799   0.186  0.0226 -0.1277  0.3691
0.588   0.629   0.436  0.5836  0.2324  0.5340
0.349   2.529   0.889 -0.1816 -0.0567 -0.5848
1.709   2.810   1.784  0.3574 -0.2896 -0.1110
1.016   2.275   2.306  0.1530  0.1422  0.2266
0.152   2.059   2.678  0.5006 -0.1777  0.7017
0.761   2.965   2.977  0.1581 -0.3256  0.0975
0.125   3.107   2.730  0.1188 -0.4834 -0.2282
1.042   2.697   1.532 -0.3343 -0.7011 -0.4654
0.114   0.612   0.975 -0.2073  0.1697  0.1515
2.561   2.361   0.008  0.0365 -0.2148  0.4928
1.353   0.199   1.365  0.1858 -0.7022  0.1074
0.798   0.279   3.090  0.4823 -0.2269 -0.1517
1.155   1.010   2.517  0.2762 -0.2567 -0.0527
2.703   1.242   2.771  0.0340  0.1918 -0.0675
0.968   2.509   2.797  0.2814 -0.1943 -0.1052
0.851   0.522   2.979  0.3906 -0.0953 -0.1401
2.455   2.635   0.290  0.3326 -0.3833  0.2622
0.288   1.450   1.485  0.0948  0.1423 -0.1119
1.170   0.552   2.451 -0.3028  0.3108 -0.0344
1.838   0.563   0.162 -0.0057 -0.0196  0.4852
1.145   0.996   1.651 -0.1622 -0.4809 -0.0843
0.164   2.316   0.867  0.1539  0.2340 -0.3328
1.368   0.953   2.293 -0.2504  0.3568 -0.2919
1.098   1.901   0.623  0.0193  0.0192 -0.4536
2.246   0.244   2.119  0.3430 -0.3790  0.5907
1.262   0.859   1.988  0.4782  0.0130 -0.4320
1.382   1.341   1.224 -0.2591  0.5282  0.6965
1.549   0.963   2.660  0.4082  0.4553  0.9550
0.165   1.008   2.255  0.0228  0.3957 -0.0986
1.348   2.949   0.988  0.0598  0.4153 -0.2422
0.035   1.089   1.588 -0.1912 -0.0062  0.0061
0.588   0.404   2.418  0.4822  0.0916  0.0867
1.643   0.901   2.195 -0.4628 -0.0047 -0.1609
0.865   1.978   0.383 -0.2421  0.3240 -0.1276
1.218   0.454   0.563 -0.0254  0.1621  0.6569
2.669   0.888   2.616 -0.0816  0.5386 -0.5509
2.137   0.052   2.748 -0.0262 -0.2223  0.1688
0.383   2.172   2.273  0.0246 -0.4034  0.4753
1.675   3.052   0.964  0.5519 -0.2986  0.4052
0.058   0.403   0.013  0.3473 -0.2306 -0.2183
2.138   2.500   2.117  0.1520 -0.0202 -0.1196
1.434   1.777   2.758  0.2490 -0.1195 -0.1111
1.750   1.917   1.631  0.0100 -0.1187 -0.8115
0.810   1.362   0.962 -0.4513 -0.2437  0.0380
1.224   1.088   1.368 -0.2506 -0.4303 -0.3168
1.860   0.477   2.813  0.1170 -0.1432 -0.6925
0.723   1.408   2.007 -0.3322  0.4648  0.0193
1.465   1.952   2.101  0.2425  0.4840  0.2393
1.460   1.213   2.575 -0.3500  0.1275 -0.5919
2.083   1.650   0.899  0.0722 -0.1882  0.0931
1.729   1.337   2.514 -0.4411 -0.0507  0.0707
0.472   1.631   0.956 -1.0084 -0.0221 -0.1422
2.285   1.148   2.856  0.1194 -0.0957 -0.0921
0.460   0.524   1.725 -0.2350  1.0593  0.0455
1.932   1.408   2.085 -0.4458  0.5470  0.2528
2.580   1.009   1.061 -0.0378  0.1230  0.2334
1.092   0.250   2.349 -0.0792 -0.7182  0.2926
2.843   2.340   2.672  0.4670  0.1735  0.6423
2.115   1.152   1.992  0.0775  0.1912  0.1303
1.731   0.058   2.446 -0.1433 -0.4146  0.1414
0.947   1.970   2.244 -0.7313  0.3567  0.0875
0.937   2.757   1.292  0.3575 -0.7838 -0.0255
2.227   3.002   1.735 -0.4565 -0.0851 -0.0735
1.268   2.786   2.277  0.1353  0.4693  0.5117
2.954   0.143   1.072  0.3811  0.5188 -0.0611
0.627   2.492   0.887 -0.3503  0.2244  0.1447
2.587   2.398   0.772  0.3033 -0.2377  0.8343
1.731   1.401   3.077 -0.3051  0.3904 -0.2298
0.730   1.990   0.086  0.1685  0.0738 -0.0405
0.432   0.173   1.073  0.2126  0.2198  0.6399
0.796   1.002   0.902 -0.0485 -0.4019 -0.1894
0.764   0.965   1.685  0.0656  0.4327 -0.0580
3.047   2.412   2.911 -0.3541  0.2436 -0.2424
1.608   1.540   0.918 -0.2469 -0.0387 -0.2462
1.226   2.607   1.221 -0.7140  0.2104  0.1650
1.979   2.052   1.572 -0.0336 -0.0552  0.4658
1.934   0.078   0.688  0.3829 -0.0800  0.3912
1.529   2.663   1.653 -0.3961 -0.1259 -0.3882
2.529   2.202   1.323  0.0347 -0.4445 -0.4221
0.008   2.825   2.041  0.6873  0.0684  0.2142
2.362   1.812   2.674 -0.1953  0.2032 -0.1859
0.010   0.293   1.249  0.3426  0.2639  0.0519
1.723   1.121   1.880  0.1201  0.5168 -0.4150
1.421   0.014   2.438 -0.4313 -0.1106 -0.2307
0.025   0.914   0.334 -0.2336 -0.3359  1.1371
1.073   2.318   2.978 -0.3284  0.1475 -0.4413
0.738   2.994   0.917 -0.2601 -0.0353  0.0249
1.540   1.881   2.516 -0.2086  0.1476 -0.1293
0.671   3.068   2.723 -0.2221  0.3209 -0.0019
0.655   2.483   2.928 -0.6090  0.4840 -0.0192
0.488   2.665   1.917 -0.1353 -0.0159 -0.5510
0.277   2.982   2.541 -0.1408 -0.0246  0.1232
0.623   2.409   2.176  0.4046  0.7152 -0.0224
0.834   2.400   3.100 -0.7748  0.1495  0.0364
2.547   0.578   0.207  0.6956 -0.1351 -0.4419
2.700   2.619   1.590 -0.0616  0.2650 -0.1656
1.571   2.113   0.469 -0.1342 -0.2860 -0.0238
0.943   0.369   2.657 -0.0994 -0.0383  0.4157
0.354   1.164   1.489  0.4185 -0.6989  0.4146
1.592   1.540   0.194  0.0951 -0.4021 -0.1896
0.634   1.117   2.800 -0.0068  0.0885 -0.0284
0.518   0.621   0.998 -0.1990 -0.1414  0.4054
0.709   2.752   0.778 -0.1445  0.1387  0.7628
2.318   1.010   1.146 -0.2782  0.2151 -0.1877
0.317   2.375   1.569 -0.0981  0.7536  0.0513
0.994   1.404   1.898  0.0187  0.0673 -0.1047
0.347   0.263   0.355  0.4171 -0.2335 -0.1944
2.774   1.694   1.759  0.2792 -0.1421  0.3788
1.166   2.903   1.213  0.0094 -0.0631 -0.1390
3.092   1.646   0.852  0.4505 -0.1289 -0.2727
3.051   0.172   0.126  0.0484 -0.1028 -0.0479
0.975   1.751   1.660 -0.4835 -0.1115  0.4932
0.589   2.235   1.007 -0.2958  0.2279  0.1765
0.586   0.804   1.930 -0.3603 -0.3578  0.1839
3.020   0.430   0.831 -0.3097 -0.0738 -0.1666
2.035   2.999   0.347  0.0947 -0.0214 -0.3146
2.507   0.364   1.166 -0.6860 -0.4637  0.0819
0.653   1.947   0.842  0.5877 -0.2758  0.3485
0.432   0.383   1.258 -0.3131 -0.2818  0.1096
0.573   1.399   1.135 -0.0084 -0.4650  0.1887
2.557   2.269   0.532  0.0595  0.1071 -0.4540
1.388   0.056   0.325  0.3468 -0.1935 -0.1709
2.140   2.131   0.247  0.5386 -0.3041 -0.0005
1.619   2.563   2.999 -0.2784 -0.0728 -0.5949
2.143   2.747   0.052  0.3095  0.1361 -0.0984
0.300   1.978   1.867  0.3199 -0.3507  0.2901
1.770   0.862   1.763  0.0553  0.0097 -0.2469
1.615   1.663   1.573 -0.1600  0.2387  0.1047
2.990   0.791   0.119 -0.0873 -0.3768  0.5608
0.038   1.860   3.089 -0.2776 -0.2103 -0.2571
0.445   2.792   1.076 -0.1903  0.6438  0.4826
1.981   2.119   0.959 -0.0194 -0.4182  0.1391
0.337   2.272   0.485 -0.1912  0.3456  0.0410
1.469   2.342   3.072  0.3365  0.0052  0.1438
1.697   2.026   0.788 -0.3600 -0.2382 -0.0098
1.621   2.362   1.596  0.0215  0.1655 -0.4347
0.920   0.773   2.163  0.2153  0.0338 -0.1001
1.072   2.152   0.473  0.4152  0.1110 -0.3563
2.364   2.550   1.539 -0.0063 -0.2783  0.3257
1.591   0.499   0.010 -0.2290  0.4875 -0.0651
0.473   2.141   0.157 -0.5602  0.0790  0.3680
0.828   1.542   0.198 -0.2928  0.5046  0.8635
2.049   1.688   1.594 -0.3771 -0.2948 -0.0510
0.044   2.126   1.895  0.3061 -0.0880 -0.3012
0.247   2.510   1.305  0.2055  0.0030  0.8180
0.090   2.783   1.273 -0.2143  0.1482  0.5226
1.155   2.068   2.905  0.4873  0.0284  0.1620
0.590   1.426   0.143 -0.1033  0.7085  0.0752
0.830   1.151   2.281 -0.1850  0.1378  0.4337
2.819   2.801   0.511 -0.1124 -0.7168 -0.1223
1.541   0.715   2.443  0.3611  0.3279 -0.1437
0.336   0.638   0.224  0.3482  0.4765 -0.1796
0.531   0.617   2.646 -0.2994 -0.0985  0.1986
0.368   2.898   1.847  0.5459  0.0091 -0.4580
1.692   0.304   2.531 -0.7550 -0.2546 -0.5739
0.529   2.393   1.250  0.3729 -0.3476  0.4280
2.697   0.646   2.099  0.3137  0.3557 -0.9916
0.470   1.625   1.265 -0.3428 -0.0182  0.7620
0.947   0.046   0.014 -0.5359 -0.2983  0.3862
0.309   2.289   2.520  0.1221  0.0358  0.4704
1.927   2.914   0.624 -0.0223 -0.5735 -0.0610
1.073   1.088   0.148  0.2594 -0.4187 -0.3609
1.801   2.969   2.186 -0.3166  0.1774 -0.1449
0.860   0.069   2.292 -0.3994  0.3239 -0.0038
0.568   0.029   2.012 -0.0437 -0.2152 -0.1582
3.105   0.013   1.617 -0.1265  0.3395 -0.4406
1.159   2.714   2.770 -0.0463  0.1438 -0.7650
0.736   0.429   0.942  0.4089 -0.0217  0.0908
3.107   1.678   1.956 -0.0052 -0.1692  0.0785
1.127   0.707   0.938 -0.0506 -0.2314 -0.1615
0.357   2.785   1.355  0.4420  0.3018 -0.5343
2.176   3.018   0.001  0.1658 -0.4889  0.0371
0.197   2.011   0.138 -0.0509 -0.3941 -0.3808
0.486   0.875   0.861 -0.3058 -0.3612 -0.3478
0.998   0.646   0.058  0.0665  0.5063  0.3685
0.186   0.486   2.412 -0.0961 -0.0014 -0.0895
1.878   1.663   0.522 -0.0596  0.0072  0.1550
0.097   0.881   0.934 -0.0483 -0.0744 -0.3761
2.046   2.644   0.397 -0.1229  0.3371 -0.3896
1.733   1.569   1.783 -0.0254 -0.0242 -0.3274
0.071   1.926   0.846 -0.0712 -0.3873  0.2321
0.445   2.414   1.813  0.2820  1.0323  0.6099
0.078   1.089   0.566  0.2239  0.2204  0.0546
2.104   0.490   0.538 -0.5442 -0.0448  0.2991
2.062   1.663   0.295  0.0866  0.0586 -0.2599
2.911   2.980   2.428 -0.2391 -0.1429 -0.2483
0.633   2.880   2.172  0.0814  0.4157  0.3260
0.229   2.959   1.543  0.0615  0.2508  0.7714
2.823   2.024   2.231  0.1926  0.1636  0.2254
3.060   2.551   2.040  0.1708  0.4559 -0.0424
2.728   1.126   2.407 -0.0969  0.1077  0.0378
1.947   2.432   0.579  0.4534 -0.3125 -0.4139
0.114   0.310   2.596 -0.1853  0.1676  0.2127
2.177   0.437   0.267 -0.0749  0.0406 -0.1958
0.789   1.943   2.677  0.0457 -0.1143  0.3217
2.539   0.588   2.929 -0.3323  0.1979  0.0011
2.345   1.706   1.335  0.0287 -0.5249 -0.7724
0.994   1.613   0.826  0.4599  0.7000  0.7330
2.783   2.475   0.960 -0.8426 -0.1977 -0.1176
2.249   1.681   1.959 -0.0656  0.2713 -0.2925
0.814   0.481   0.560 -0.5670  0.1341 -0.3246
0.310   2.140   0.717  0.2540  0.1575  0.2927
1.953   2.133   2.739 -0.1136  0.3229 -0.1669
1.104   2.740   0.822  0.0749 -0.2958 -0.1963
1.910   1.328   1.383 -0.9266  0.4640 -0.5658
2.718   0.544   0.683  0.5609 -0.1269  0.2944
2.951   0.709   2.106 -0.0075 -0.3854  0.1150
0.369   1.467   0.313 -0.0658  0.1182  0.2912
2.232   2.485   2.793  0.3540 -0.6848 -0.5855
1.394   2.000   0.126 -0.2964 -0.2537 -0.3573
2.004   2.505   1.833  0.1324  0.2900  0.0756
1.037   2.982   0.377 -0.2380 -0.3349 -0.2149
0.298   2.206   3.012 -0.1016  0.7360  0.3691
0.768   1.578   0.447 -0.1304  0.0755  0.4656
1.753   3.075   2.711 -0.8006 -0.4291 -0.1707
2.405   2.388   1.926  0.3572 -0.3807  0.5785
0.082   2.012   1.500  0.3568 -0.2673 -0.8999
0.291   2.995   0.924  0.1233 -0.1050  0.2632
0.351   2.715   0.011 -0.6334 -0.1193  0.2951
1.018   2.104   1.830  0.6600 -0.1794 -0.6051
0.548   1.721   2.569 -0.5112  0.4617  0.0376
0.070   0.580   1.546  0.2729 -0.6546  0.2163
0.221   2.727   2.669  0.3801  0.3953 -0.3794
2.208   1.394   2.526 -0.2498 -0.1237 -0.2627
0.662   2.689   1.688 -0.1779 -0.4206 -0.1508
2.843   1.624   0.682  0.0088 -0.0634  0.3320
0.614   2.215   3.047 -0.2088  0.0758  0.0590
2.899   2.741   3.014 -0.0131 -0.3460 -0.0058
1.354   1.873   3.001 -0.1980 -0.3294 -0.1085
1.746   3.113   1.868  0.0570  0.1861  0.7109
2.899   2.119   2.831  0.3949  0.3741 -0.5193
1.917   0.171   2.660  0.6006  0.0041 -0.3343
1.191   1.762   1.003  0.2423 -0.1651 -0.0727
2.737   1.472   1.618 -0.4726  0.7515 -0.0060
0.877   2.734   0.980  0.1594  0.0093 -0.0968
1.132   0.008   2.893  0.3632 -0.1285  0.1343
0.787   1.296   1.280 -0.3604 -0.1728  0.2019
1.757   2.535   1.153 -0.1251 -0.0498 -0.1004
1.877   1.768   2.534 -0.0350 -0.4406  0.3439
0.673   0.721   2.229 -0.0267 -0.3529 -0.1449
0.784   3.003   2.465 -0.0723  0.5250  0.7685
0.261   0.374   1.528 -0.5105 -0.2695  0.4092
1.149   1.651   0.308  0.2715 -0.2704 -0.1833
1.707   2.720   0.093  0.0188 -0.6641  0.2427
1.666   2.021   2.299  0.0281 -0.3469 -0.1588
2.355   2.188   2.926 -0.4033 -0.1563 -0.7348
0.609   0.658   2.921  0.0513 -0.2645 -0.4218
0.782   1.443   2.887 -0.0484  0.0038  0.2477
1.059   2.517   1.943 -0.2257 -0.0923 -0.0814
0.182   1.806   2.871  0.3166  0.0435 -0.0992
2.457   1.733   2.444 -0.1265  0.0127 -0.1260
1.573   2.305   2.286  0.2349 -0.2832  0.0057
0.949   2.717   2.120 -0.1114 -0.0617  0.2119
0.491   1.639   0.468  1.2100 -0.5209 -0.0720
0.021   1.950   0.534 -0.2465  0.0940 -0.1210
0.532   2.920   0.115  0.1389 -0.0610 -0.1259
3.042   1.620   2.887 -0.7240 -0.2120  0.2358
1.739   2.742   2.495  0.4283  0.3834 -0.1284
0.657   2.390   2.504  0.5399  0.2058  0.0285
2.890   0.927   1.971  0.2813  0.4886  0.2969
0.632   0.288   0.191 -0.0408  0.4618  0.4470
0.831   2.739   2.383  0.2247  0.7061  0.4084
1.703   2.872   1.300  0.1677 -0.0894 -0.7153
0.841   2.701   2.954  0.2464 -0.1385  0.6859
1.282   0.938   0.796 -0.2120 -0.6282 -0.2301
1.336   1.611   2.557  1.0905  0.2139  0.1087
0.554   1.977   1.970  0.3683 -0.4845  0.6575
2.842   1.650   0.414  0.0479  0.2869 -0.8149
1.039   1.602   0.561 -0.1039 -0.4234 -1.0052
0.714   2.877   1.161  0.9987  0.1783 -0.3206
1.161   1.545   1.758  0.9303 -0.0381 -0.1066
2.814   0.264   0.098  0.3150 -0.0691  0.0023
1.200   2.147   0.233  0.1162 -0.0462 -0.1481
2.451   2.608   2.961 -0.5845  0.1965 -0.0006
0.336   2.039   1.609 -0.1678 -0.1052 -0.1948
1.851   0.597   0.888 -0.3013  0.2608  0.0246
1.511   2.613   2.136  0.5767 -0.3398  0.0988
1.309   1.744   0.702 -0.8206  0.2267  0.3509
2.885   2.816   2.746  0.3749 -0.0736 -0.0121
2.423   2.706   2.265 -0.2046 -0.2791  0.2184
0.889   3.000   2.117 -0.0533 -0.3270 -0.0039
2.096   1.890   2.634  0.0702  0.2140 -1.0734
2.825   0.748   1.106 -0.3307 -0.5362 -0.1760
1.186   0.812   0.111  0.0370  0.1351 -0.1837
0.775   0.183   2.765  0.3416 -0.6058  0.4020
2.797   0.502   0.980  0.6932  0.1409  0.3477
1.367   3.024   1.865 -0.4337 -0.3150 -0.3525
2.741   3.047   0.910  0.3130  0.3106 -0.0493
1.779   0.271   1.928  0.6204  0.0029 -0.4657
0.665   2.115   1.342 -0.2208  0.3921  0.3080
0.260   1.626   2.292  0.5448  0.1212 -0.1076
2.599   2.304   0.279  0.2866 -0.5149  0.5492
1.519   0.109   1.969 -0.2809 -0.6035 -0.3467
1.023   2.478   1.096  0.0995  0.2897  0.0575
2.847   0.070   0.446 -0.4143 -0.1703  0.0001
1.604   0.267   1.472 -0.0204 -0.7336 -0.1913
3.078   0.162   0.814  0.0701  0.3584  0.0501
2.509   2.201   2.684 -0.2871 -0.5303 -0.2673
2.828   2.000   0.075 -0.1768 -0.1816  0.3339
2.527   1.593   0.352  0.6207  0.1012 -0.1494
0.721   2.909   1.528  0.2868  0.2027  0.0708
2.970   1.806   0.230  0.3508 -0.0923 -0.0705
1.637   2.794   2.724 -0.5600 -0.0246  0.2629
1.033   2.034   1.563 -0.2269  0.0877 -0.3475
0.074   2.892   3.058 -0.0801 -0.0862 -0.1964
2.083   2.489   0.836  0.3489 -0.2028 -0.2470
0.251   1.301   0.627 -0.5342 -0.2651  0.6570
1.493   0.273   2.740  0.0043 -0.7737  0.1769
2.963   3.017   1.949  0.2746 -0.2967 -0.0166
2.423   2.904   0.359  0.4871 -0.5172  0.4347
2.720   0.575   1.552  0.1506 -0.3663 -0.1588
2.326   3.031   0.583 -0.1542 -0.8291 -0.1699
0.530   3.074   1.627 -0.2838  0.0587  0.3553
0.200   2.530   2.147  0.6723  0.2622  0.0287
2.736   2.003   1.403 -0.3045 -0.2500 -0.3078
2.823   1.157   1.194 -0.2121 -0.2607 -0.3159
2.604   3.067   0.505  0.7235 -0.7813  0.0172
1.966   2.178   0.467  0.1246  0.1101 -0.0177
2.155   0.765   0.609 -0.6190  0.0511  0.1364
2.983   1.122   1.807 -0.2884  0.2786 -0.2246
0.381   1.573   0.714  0.0160 -0.4330 -0.0408
1.049   1.131   0.940 -0.6439 -0.7495  0.2767
2.317   1.440   1.252  0.1457 -0.2176 -0.0254
1.753   0.724   0.659 -0.3188 -0.1048 -0.5773
1.109   2.782   0.537  0.0158 -0.0099 -0.5294
2.037   0.687   2.884 -0.6920  0.2249 -0.1243
1.546   0.165   2.249  0.1196  0.1317  0.2119
3.005   2.763   1.454 -0.0260 -0.2550 -0.1538
1.868   2.487   0.198  0.0825  0.6251 -0.2006
0.582   1.083   1.952 -0.7975  0.0720  0.4534
2.483   0.772   0.985  0.5222 -0.4831 -0.0569
2.273   0.451   2.950  0.2152  0.5695  0.5504
1.664   0.527   1.603 -0.1300  0.5216 -0.2918
0.314   0.969   1.314  0.4621 -0.7299  0.2389
1.841   0.165   0.234 -0.8667 -0.3791  0.3690
0.687   3.005   0.435 -0.0869  0.1274  0.2033
1.114   0.064   0.212 -0.3410  0.2069  0.0749
2.968   1.411   3.028  0.1863  0.4129 -0.3488
2.481   2.633   0.674  0.0758 -0.5092  0.0952
1.279   0.021   0.742  0.2770 -0.0758 -0.4165
2.338   3.080   2.594  0.0487  0.0977  0.4036
3.027   0.865   1.495  0.0963  0.0281  0.6655
0.960   1.135   1.800 -0.2600 -0.0878 -0.2379
2.421   2.110   0.189  0.2025  0.2069  0.0596
1.578   0.690   1.790 -0.1853  0.2984 -0.1869
2.123   1.078   0.465 -0.4790  0.0302 -0.4250
1.312   2.183   1.874  0.5736  0.3239 -0.5448
0.261   0.765   1.465 -0.1259 -0.1927  0.4287
1.243   1.328   2.751  0.4945  0.0054 -0.5949
2.944   3.070   0.707 -0.1803  0.3288 -0.4204
1.696   2.744   0.546  0.6588 -0.2653  0.3984
1.420   2.952   0.558  0.1893  0.6065 -0.2665
2.338   2.968   2.338  0.2017 -0.1952  0.0820
0.532   1.444   1.797 -0.0938 -0.3516 -0.0454
0.986   0.814   1.896 -0.5127  0.0021  0.2666
2.783   0.610   2.829 -0.2867  0.6145  1.1822
1.029   0.314   0.715 -0.2640 -0.6747 -0.1070
1.060   0.320   0.247 -0.1112 -0.3714  0.4936
2.215   0.552   1.655  0.5683  0.0443 -0.3917
3.015   0.377   1.471  0.8868  0.7193  0.1881
2.043   0.984   1.038 -0.1468  0.1188  0.0160
1.670   0.467   0.397  0.2282  0.1325  0.2022
0.420   1.196   1.766 -0.2580 -0.1424 -0.2914
1.948   0.892   3.037 -0.1687  0.5039 -0.4533
2.970   1.792   2.290  0.1764  0.4188  0.0310
1.377   0.509   0.181 -0.2761  0.2971 -0.0294
2.336   2.532   0.084  0.0683 -0.5042 -0.2540
1.907   1.962   0.606  0.1632  0.1135  0.4038
2.541   0.467   0.894 -0.0024 -0.4205  0.1274
2.034   0.835   2.338 -0.1191  0.4282  0.1463
2.563   0.943   0.741  0.3324 -0.3607  0.2524
1.976   1.300   0.125  0.0283 -0.0238 -0.0146
1.226   2.581   0.181 -0.4902 -0.1757 -0.4498
1.783   2.189   2.514  0.1854 -0.1051 -0.0326
2.831   1.495   0.185  0.6279 -0.4380 -0.0537
1.587   0.136   1.139  0.0918 -0.2436  0.2542
2.229   1.796   1.077  0.3329 -0.1050  0.1360
2.589   0.444   2.286 -0.3942 -1.2605  0.2833
1.767   1.022   0.527 -0.1772 -0.1138  0.2742
2.854   2.393   2.306  0.6451  0.2289  0.5863
2.046   0.732   1.030 -0.2465  0.3204 -0.0996
1.525   2.346   2.622  0.5130 -0.2347  0.0971
2.815   0.012   2.181  0.1313  0.0370 -0.0418
2.326   2.338   0.842  0.7097 -0.4715  0.7160
2.672   0.156   1.085 -0.0761  0.9802  0.1382
2.472   1.133   2.643  0.1181  0.2837 -0.4363
3.107   1.237   2.850 -0.4059  0.5614 -0.1088
1.994   3.040   2.423 -0.2817 -0.2957  0.5714
1.914   0.136   1.174  0.0132 -0.6856 -0.1513
2.778   0.955   1.412  0.0322  0.2454 -0.6258
3.047   2.826   0.651 -0.6415  0.3697  0.2642
2.448   0.776   2.132  0.0865  0.1478 -0.1278
0.617   0.853   1.419 -0.6326  0.0163  0.8647
0.168   0.749   2.193 -0.0415  0.2371  0.6909
0.081   1.019   1.173 -0.1978  0.1703 -0.0346
1.906   2.584   2.270  0.0751 -0.4869  0.2294
2.718   2.409   1.364  0.0472  0.3514  0.0194
2.060   0.983   1.740  0.2756 -0.3336  0.7170
0.442   3.002   2.307  0.0816  0.2464 -0.3220
0.837   3.092   1.323 -0.5102 -0.1938 -0.1641
1.160   1.494   1.141  0.2780  0.1597  0.0046
2.103   2.752   0.764 -0.6837  0.5337 -0.1377
3.089   0.779   1.232  0.3915  0.5346 -0.1083
2.050   0.152   0.431 -0.1838  0.5101 -0.1434
2.471   0.478   2.524 -0.6051  0.0706  0.5978
2.449   2.866   3.058  0.3627 -0.3494 -0.1451
2.485   2.171   2.170  0.0814  0.2540  0.5026
1.584   1.849   0.582  0.0640  0.1693 -0.0276
2.362   1.912   1.750 -0.0917  0.0238 -0.3292
1.889   2.837   1.581 -0.4591  0.4072 -0.3556
1.629   2.088   1.476  0.2776  0.1617 -0.0755
0.179   1.069   1.817  0.3805 -0.4769  0.1811
2.316   0.761   1.287 -1.0509 -0.1295  0.1711
3.032   1.409   1.835 -0.4165  0.1088  0.1742
0.032   2.546   1.102 -0.3516 -0.0967 -0.2410
1.135   2.171   2.542 -0.2814  0.5590 -0.0355
1.894   2.261   1.950  0.5697 -0.1558 -0.2784
2.348   0.180   0.562 -0.1614 -0.5532  0.3595
2.250   0.611   2.706 -0.7240 -0.7500 -0.3563
2.164   2.122   0.712 -0.2090 -0.3889 -0.5895
2.886   1.901   0.613  0.0975  0.1606 -0.3134
2.264   0.405   0.754 -0.0569  0.5543 -0.0404
2.656   0.877   1.651 -0.1713 -0.1500 -0.6267
1.975   0.241   2.986 -0.4369  0.4068 -0.0350
2.289   2.765   1.151 -0.5364 -0.1702 -0.4283
1.446   0.310   0.364  0.8931 -0.0270 -0.8668
2.069   0.021   0.976 -0.0689  0.4980 -0.1091
0.779   2.787   0.110  0.2199  0.2508  0.1049
1.912   1.679   2.792  0.4775 -0.2580  0.0379
1.052   0.319   1.882  0.3385  0.2363  0.0877
0.670   1.675   3.036  0.2935  0.6701  0.1837
0.441   1.779   1.640  0.2857 -0.1708  0.2280
2.415   0.275   1.691 -0.0059  0.6508 -0.1135
0.327   1.754   0.146 -0.0497 -0.2217 -0.3139
2.998   2.079   0.961 -0.0192  0.1109 -0.5718
2.687   1.006   2.927 -0.1344 -0.1275 -0.4767
0.057   2.945   2.336  0.0679 -0.1816  0.1420
1.368   2.782   1.997 -0.6775  0.2030  0.4747
1.917   1.105   2.783 -0.2065  0.2503  0.2700
2.931   1.359   0.906  0.0023 -0.4348 -0.3454
0.368   0.489   0.795 -0.2229  0.4474  0.3454
0.979   2.965   1.603  0.2102  0.5883  0.3175
2.647   1.314   0.207  0.1882  0.0089  0.0850
1.771   1.119   3.006 -0.2349 -0.1617 -0.7731
2.621   1.345   1.272  0.4789 -0.1809 -0.2735
2.675   1.846   2.372 -0.0057 -0.5423  0.1012
2.295   0.684   0.265  0.2077  0.2707 -0.1230
2.126   2.893   1.974  0.1158  0.2871 -0.4940
1.654   0.020   1.624 -0.1767  0.3140  0.8626
2.836   0.340   0.524 -0.5009 -0.2469 -0.6036
2.515   1.490   1.053  0.3098 -0.3941 -0.2014
0.542   1.688   2.236 -0.2018  0.2022 -0.3492
2.602   3.026   2.386 -0.1627  0.2797 -0.7755
1.843   0.536   2.079  0.8177 -0.6116  0.1167
0.938   0.860   2.658  0.3758  0.0863 -0.3662
0.565   1.125   2.344 -0.3648  0.4059 -0.0818
1.634   1.884   1.882 -0.1291  0.3083  0.1038
2.207   1.185   0.150  0.2030 -0.5297  0.1706
2.507   0.325   2.063  0.5560  0.0247 -0.6963
1.895   0.141   2.156 -0.1076 -0.7574 -0.3418
1.539   0.813   1.073 -0.1836  0.4368  0.4909
3.043   1.329   1.547 -0.2468  0.2026  0.8249
1.360   1.555   1.542  0.2913 -0.0426  0.0558
1.445   2.538   1.418  0.1749  0.4191 -0.1453
0.709   0.276   0.688  0.0519  0.5500  0.1315
2.828   0.006   1.743  0.4816  0.1063 -0.3415
0.761   1.304   2.654  1.1840  0.1830  0.4618
0.298   0.702   2.475  0.5479 -0.0273 -0.3692
0.305   1.138   2.072 -0.5438  0.5448 -0.6340
1.336   0.760   0.342  0.3161 -0.1096 -0.0075
0.432   0.650   1.253  0.6063 -0.2477  0.1032
2.225   1.944   2.396  0.0432  0.6090  0.0537
2.362   1.525   2.730 -0.2952  0.3798  0.0507
2.854   2.425   0.013 -0.7084 -0.4256  0.0975
0.180   2.520   2.415 -0.2860  0.2598 -0.0286
2.575   1.447   1.999 -0.0967 -0.6775  0.5298
2.478   2.058   2.448 -0.3018 -0.6087  0.0058
1.632   1.366   1.489 -0.0431 -0.2010 -0.5105
2.895   1.572   2.407  0.3310 -0.2357  0.0935
0.382   0.861   1.706  0.2036 -0.2763 -0.2534
2.015   2.788   2.477 -0.3325 -0.0280  0.3105
0.130   0.378   1.962  0.3736  0.2783 -0.0330
2.356   0.236   2.647 -0.2624  0.7979 -0.0039
0.268   2.912   2.841 -0.0452  0.1259 -0.0842
2.684   2.393   1.901 -0.0368  0.1647  0.0340
2.884   0.865   2.798  0.1572 -0.1682  0.4156
1.937   1.983   1.922 -0.1018  0.3034  0.4478
1.196   1.759   1.904 -0.4462 -0.4011  0.9966
2.863   1.428   2.661 -0.5015 -0.3420  0.8025
0.074   0.627   0.153  0.0367  0.5378  0.3952
0.762   2.191   2.302 -0.9344  0.2888 -0.4585
2.847   1.001   0.336 -0.8458 -0.3512  0.0139
3.013   2.329   0.556  0.1358 -0.1016  0.2170
0.246   2.960   0.194 -0.0063 -0.7096  0.2898
1.949   0.548   2.564 -0.7615  0.5393  0.2948
2.419   0.772   2.550  0.0819 -0.1181 -0.3167
1.647   0.616   2.899  0.0551 -0.0267  0.6129
0.935   0.206   0.943 -0.1616  0.3873 -0.9090
2.200   0.881   2.047  0.4520 -0.1800 -0.2306
2.543   1.701   0.108  0.2257  0.7456 -0.2572
0.051   2.408   1.576 -0.1337  0.1486  0.0804
2.440   2.868   2.770  0.1137 -0.5218 -0.0186
2.367   1.157   2.389 -0.5259 -0.5279  0.0315
2.725   0.441   2.602 -0.0299 -0.3186  0.0655
2.185   0.238   1.849  0.0978 -0.2953  0.0675
2.706   2.919   3.114 -0.4646 -0.0828 -0.4186
2.921   3.015   1.207 -0.4637 -0.3702  0.2369
1.155   0.787   2.328 -0.2526 -0.3891 -0.1673
2.127   1.071   2.277 -0.9854  0.8972  0.1808
2.361   0.187   2.924 -0.1142 -0.8851 -0.2874
0.279   1.080   0.884  0.2538  0.3163  0.0992
2.261   2.192   1.370 -0.1761  0.0423 -0.0445
2.310   2.674   2.014  0.1404 -0.2653 -0.1974
1.277   1.312   0.535  0.1453  0.2356 -0.1505
2.619   0.684   0.444 -0.3552 -0.4294  0.3868
1.689   2.054   1.207  0.0468 -0.1664 -0.1079
0.170   1.659   1.216  0.1232 -0.1776  0.4932
2.995   2.311   0.819 -0.2394  0.4482  0.0130
2.387   1.029   3.108 -0.1639  0.1376 -0.1015
1.601   0.660   2.055 -0.2913  0.5905  0.5329
2.614   1.776   1.298 -0.2823 -0.7858 -0.1085
0.809   1.721   2.099  0.5987  0.3543 -0.3257
1.651   1.433   1.993  0.2643 -0.4369 -0.0349
1.487   2.478   1.149  0.3008 -0.4602 -0.4657
1.900   1.295   0.692  0.1442 -0.1936  0.7586
2.263   0.711   2.327 -0.1604 -0.0414 -0.1243
1.774   1.444   2.757  0.6882 -0.2349 -0.6476
2.426   1.330   0.416 -0.1863 -0.4384 -0.0287
0.988   1.896   1.996 -0.4487 -0.2375 -0.0174
2.015   1.189   2.487  0.5061 -0.6592 -0.4733
2.135   2.502   1.197  0.3002  0.2518  0.2408
1.399   2.213   1.608  0.2216 -0.0548 -0.0492
1.966   0.162   1.541  0.6441  0.1395 -0.3416
2.188   3.114   1.485 -0.5329 -0.1414 -0.1495
1.932   1.730   1.844  0.0241  0.8819 -0.4010
1.086   1.942   1.302  0.6438 -0.0905  0.4493
3.068   1.219   1.298  0.3711  0.4708  0.0795
3.072   2.370   2.475  0.1874 -0.0593 -0.4106
0.512   0.526   2.174 -0.3437 -0.5306 -0.0284
0.277   1.055   2.612 -0.5769  0.2988 -0.2597
0.912   0.476   1.703 -0.4039 -0.1048 -0.2223
0.164   2.588   0.363 -0.4590 -0.7123  0.6929
2.963   0.148   2.526  0.0207 -0.0231 -0.5381
0.223   1.758   0.503  0.0341 -0.5750  0.1661
1.828   1.562   2.370 -0.4225  0.0921  0.2981
2.572   0.878   1.896 -0.4950 -0.0198 -0.8840
2.259   1.807   0.221 -0.5544 -0.3120 -0.6554
0.803   2.383   0.375  0.6154  0.7325  0.0215
1.503   1.863   1.167  0.4352  0.1056  0.8371
2.137   1.889   3.102  0.7819 -0.2094  0.1742
1.800   2.613   1.409  0.1152 -0.1676  0.1108
2.397   1.262   2.099  0.0126 -0.9613 -0.4096
2.367   2.075   0.473  0.0799  0.6327  0.1249
2.664   2.830   2.586  0.0578 -0.2579 -0.0387
0.145   2.114   2.161  0.4823  0.0588 -0.3019
1.933   2.391   1.021  0.1468  0.0959 -0.0269
2.350   2.768   1.754  0.5811  0.3663 -0.1479
1.173   2.458   2.605 -0.5561 -0.1261 -0.3805
2.168   0.392   2.540 -0.1582 -0.2616  0.7236
1.920   1.076   1.372 -0.2021  0.5161  0.3306
2.366   1.905   2.919 -0.7514  0.1093 -0.5617
1.245   2.270   1.227 -0.0838 -0.2457  0.2322
1.376   1.930   1.792  0.5069  0.0862  0.0415
1.590   0.264   2.992 -0.5279 -0.1632  0.2109
2.371   2.399   1.117  0.6376  0.0170 -0.2169
0.118   2.376  -0.005 -0.0148 -0.3829  0.1963
3.063   1.179   2.112 -0.4866  0.2556 -0.3584
0.028   2.862   1.004  0.5359 -0.0127 -0.2379
0.236   0.006   0.564 -0.1280  0.4783  0.2126
2.645   1.720   1.029 -0.0709  0.1396  0.0812
2.274   0.882   0.839  0.2389  0.4275 -0.0840
2.563   1.419   2.567  0.0857  0.0856 -0.5757
1.152   2.269   1.476  0.0776 -0.4833 -0.2951
1.666   1.388   0.597  0.2019 -0.1977  0.0472
2.264   1.407   2.949 -0.0705 -0.1748  0.4494
2.741   2.101   1.977 -0.1732 -0.0215 -0.0652
0.257   1.494   0.047 -0.6717 -0.5941  0.0584
2.162   2.039   1.167 -0.2672  0.3909 -0.2121
1.510   0.831   0.111 -0.1283 -0.0195  0.5494
2.601   1.802   0.699 -0.2837 -0.6076 -0.1747
0.362   0.109   1.486 -0.2891  0.0040  0.4120
2.068   0.476   0.008  0.1600 -0.4568 -0.3995
0.553   1.906   0.283 -0.2037  0.8474 -0.1806
1.314   0.704   1.783  0.0971  0.2500  1.0136
2.304   1.299   1.801 -0.4597  0.4582  0.1003
2.249   1.698   2.242 -0.0055  0.6675 -0.7900
2.768   1.983   0.841 -0.1170 -0.5791  0.3641
2.028   1.501   2.998 -0.1365  0.1138 -0.2748
0.876   0.730   0.645 -0.0441 -0.2948 -0.1906
0.742   2.193   2.028  0.5440 -0.4227 -0.4254
2.931   2.742   0.163 -0.0410  0.1588 -0.2918
1.615   2.168   0.112 -0.6859  0.0191  0.2814
1.979   2.931   2.818 -0.3780 -0.4746  0.5749
2.221   2.386   1.710 -0.4150 -0.2793  0.0915
0.728   1.832   1.627  0.4215  0.1638 -0.3506
2.975   2.364   1.170  0.1939 -0.5636  0.2082
0.426   0.903   2.292  0.5243 -0.3631  0.4621
1.358   2.210   2.160 -0.4505 -0.1361  0.0363
0.065   0.335   0.563 -0.3405  0.0413  0.0520
3.053   0.504   0.389 -0.6337  0.6601  0.3598
2.419   0.917   1.473 -0.7573 -0.0960 -0.3746
2.760   1.564   1.364  0.1473  0.2149  0.4415
2.240   0.932   2.671 -0.4115  0.0699 -1.1220
2.265   1.612   0.653 -0.2442 -0.0799  0.2507
1.461   3.013   1.222  0.0768  0.0541 -0.1810
1.409   1.310   2.983  0.1570 -0.7913 -0.3444
0.538   0.150   2.359 -0.0369 -0.0046  0.0290
2.344   0.063   1.020 -0.4499  0.0372 -0.1146
0.478   2.358   2.715 -0.3151 -0.2939 -0.0247
0.536   2.366   0.315 -0.0185  0.5963 -0.2674
3.058   2.122   2.345 -0.6652 -0.0607 -0.1691
0.655   0.142   0.913 -0.5618 -0.7667 -0.3716
1.573   2.508   0.449 -0.1787  0.1257  0.1449
3.070   2.616   2.712  0.5686 -0.4665  0.4924
1.538   2.791   0.814 -0.3976  0.1110  1.0390
1.482   0.430   2.389 -0.5066  0.3033 -0.5304
1.656   2.929   0.342  0.6984 -0.2696  0.6507
1.511   1.082   0.201 -0.2031  0.2147  0.2372
1.058   1.921   2.655  0.0384 -0.7711  0.3718
1.828   0.447   0.620 -0.5126 -0.8350 -0.1876
2.182   2.758   2.709  0.0733 -0.1778  0.3964
0.056   0.825   1.822 -0.4568 -0.5000  0.2073
2.547   0.075   3.077  0.0996  0.4833  0.3009
0.016   0.029   1.337 -0.1262 -0.2957  0.2171
2.801   2.815   1.795  0.2061 -0.0402 -0.0300
2.685   2.698   2.196  0.1066  0.0940 -0.3107
2.619   1.909   1.827  0.0894  0.0589 -0.2202
3.062   0.337   2.345 -0.5384 -0.4019  0.4744
2.984   1.451   2.176 -0.4265  0.2752  0.2884
2.680   2.781   0.262  0.2470 -0.3002 -0.0569
0.150   0.202   1.747 -0.2289 -0.9904 -0.0811
1.658   2.206   1.819  0.2021 -0.0699  0.2557
1.184   0.478   3.005  0.4688 -0.2528  0.0171
0.005   1.839   1.712 -0.2335  0.3549  0.3696
2.538   1.141   1.849  0.1723  0.0899  0.4098
2.803   2.628   1.967 -0.3471  0.5325  0.2619
2.099   2.364   0.135  0.1877  0.1760 -0.2126
1.152   0.060   1.942 -0.3182 -0.7519  0.1123
2.357   2.382   2.561  0.1237  0.2126  0.5245
1.353   0.404   1.568 -0.4775 -0.3054 -1.2234
0.006   2.335   0.224 -0.0072 -0.4539 -0.6040
0.146   0.557   1.241  0.3030 -0.0619  0.5138
0.019   2.056   2.930  0.8525 -0.2003  0.6752
0.169   2.445   0.594  0.0857  0.1774 -0.2896
2.305   2.946   0.847  0.3068  0.0990  0.4982
1.963   0.390   1.774 -0.7834  0.4441  0.1640
2.715   2.200   2.452  0.4040 -0.0782  0.7608
2.726   2.595   2.453 -0.0024  0.3178  0.1522
2.750   1.892   2.631 -0.3510  0.2679 -0.5447
2.803   2.158   0.500  0.3290  0.4438  0.1392
2.454   0.837   2.868 -0.1132  0.6826 -0.3838
0.816   2.405   0.680  0.8591 -0.9703  0.1949
0.133   1.848   2.205 -0.6798 -0.1066  0.1739
1.733   0.917   0.875  0.1911 -0.4381  0.4826
1.929   0.013   0.025 -0.1954  0.1701 -0.7730
2.052   2.854   1.036 -0.0561 -0.0012  0.2110
0.987   2.194   1.058  0.8070 -0.7190  0.1787
2.439   1.459   0.029  0.2167  0.1570 -0.2661
0.983   1.076   1.211  0.0697 -0.3296  0.3110
0.506   0.538   0.039  0.7869 -0.3138 -0.0219
2.039   2.135   2.323  0.3124  0.6259 -0.2037
1.246   2.511   3.030 -0.7036  0.2469 -0.5187
2.040   0.350   1.334  0.1994 -0.2158  0.2833
2.027   2.375   2.932  0.3581 -0.2854 -0.6424
2.557   1.183   1.475 -0.5474  0.5266  0.5126
2.734   0.210   2.355 -0.6229  0.3052  0.5071
1.593   1.703   2.322  0.1790 -0.1945 -0.2358
2.621   2.884   0.684  0.2325  0.0677  0.3935
2.990   2.203   1.686 -0.2798  0.3189 -0.7056
1.748   2.733   2.052  0.4448 -0.3091  0.3609
1.376   1.827   0.336  0.0161 -0.0112  0.1927
1.376   1.345   0.163 -0.2985  0.4478  0.1198
2.740   2.802   1.064  0.2075  0.2768  0.5136
0.430   2.050   1.113 -0.1952  0.2438 -0.5171
0.212   1.191   0.022 -0.2023  0.1603  0.0251
2.146   1.407   0.442 -0.3357 -0.1990  0.5514
2.396   1.794   0.483  0.3211 -0.3427 -0.1280
1.232   0.232   2.595 -0.1313  0.0450 -0.1074
2.873   0.275   2.778 -0.0582 -0.3522  0.3328
0.771   2.295   1.766 -0.0962  0.5131 -0.3746
1.109   2.626   2.419  0.2174  0.1970 -0.1887
2.003   0.031   1.810 -0.1769  0.5007  0.2743
1.958   0.573   1.565 -0.1399 -0.1299  0.0231
1.808   0.652   2.304  0.3355  0.4142  0.0590
1.780   0.816   0.158 -0.2617  0.4091  0.2696
2.882   2.216   0.209  0.9367 -0.1042  0.7885
1.870   1.624   0.092 -0.1562 -0.4730  0.0324
0.179   1.375   1.203  0.2237 -0.3197  0.6735
0.433   3.112   0.349  0.1940 -0.1152  0.1088
1.506   2.391   1.949 -0.0675 -0.5750 -0.0669
2.578   1.956   0.021  0.5393  0.4243  0.0982
0.178   2.727   0.787  0.0189  0.0974 -0.6543
2.498   2.728   0.959 -0.0711  0.2873 -0.0137
1.363   2.018   1.339  0.6052  0.3362 -0.1451
3.107   2.226   1.368 -0.2829 -0.5298  0.1433
2.247   2.674   0.566 -0.4744  0.2566 -0.2533
1.234   2.521   1.594 -0.4969 -0.1107 -0.4397
2.919   2.701   0.876 -0.0815  0.0227  0.0028
0.543   2.811   2.615 -0.6402 -0.5777  0.4007
1.669   3.082   3.022 -0.4041 -0.1467  0.5244
2.750   0.789   0.811 -0.1111  0.8393  0.6712
1.507   3.104   2.792  0.1756  0.1172  0.0913
1.148   1.286   2.143  0.4729  0.6317 -0.2521
2.754   2.317   1.653 -0.2692  0.1746  0.0130
2.076   2.363   2.475  0.1475  0.0349 -0.5780