0.252   0.058   0.994  0.0505 -0.3817 -0.1182
2.658   2.029   0.379  0.2121  0.0042  0.6454
2.509   0.181   0.238 -0.7077  0.4524  0.3290
2.152   2.743   2.774 -0.0500 -0.1041  0.3686
1.198   1.211   2.962 -0.5747 -0.1866  0.3871
1.623   1.745   2.184 -0.5277  0.5485 -0.0196
0.671   1.842   2.936 -0.2718  0.3937  0.4031
2.095   2.868   2.520 -0.4878  0.2272  0.2876
2.406   0.688   1.036  0.4962  0.0361 -0.0903
1.889   2.963   1.509  0.0448  0.3671  0.7408
0.911   2.850   2.933  0.2885  0.4032  0.2473
0.396   1.925   2.198 -0.6399  0.5071  0.4589
2.468   2.123   1.766  0.6049 -0.1166  0.0046
2.635   2.711   0.029 -0.4312  0.2246  0.2453
3.054   1.794   0.700 -1.0059  0.1571  1.0996
2.236   1.123   2.777 -0.1979 -0.3233  0.4693
2.483   0.596   2.004 -0.0618 -0.0716 -0.3011
2.340   3.081   1.773  0.5707  0.1412  0.1764
3.060   0.526   1.392  0.6491  0.4049  0.0677
1.182   0.323   1.652 -0.0665  0.5032 -0.0895
0.200   1.644   2.996 -0.7047  0.0270 -0.0767
0.893   2.908   0.558 -0.1632  0.0928 -0.0095
0.792   2.308   0.232 -0.0472 -0.2417  0.1579
2.906   0.276   2.412 -0.2449 -0.1593  0.1935
0.938   3.015   2.095 -0.0162 -0.5190  0.4307
1.078   3.012   0.899 -0.3768  0.1823  0.1141
2.500   0.854   2.716  0.2643 -0.3640 -0.0178
1.272   1.389   0.644 -0.9606 -0.2321 -0.0427
0.185   3.058   0.575 -0.3439  0.4249  0.0783
1.363   2.422   2.897 -0.1273  0.1263 -0.2066
1.071   2.650   1.848  0.0933 -0.6360 -0.0167
1.304   2.934   2.294  0.1583  0.0817 -0.9032
1.714   1.352   0.377 -0.4005 -0.0247 -0.2118
2.692   0.674   2.157 -0.6445  0.4160  0.2199
1.088   0.342   1.195 -0.1223 -0.0305 -0.1236
1.020   0.670   1.582 -0.2106 -0.1802 -0.2102
0.585   0.305   1.109 -0.0916 -0.1903 -0.2608
1.686   0.531   1.102  0.2348  0.0415  0.3126
1.657   2.767   2.639 -0.8417 -0.2841 -0.4099
0.772   3.014   0.018  0.1597  0.7631  0.2437
1.886   2.872   2.806 -0.0018  0.1051 -0.2654
2.022   0.604   1.222 -0.0793 -0.4309  0.1312
2.482   0.987   1.150 -0.1090  0.2188 -0.2113
1.851   2.492   2.080 -0.2576 -0.3523 -0.0145
2.008   1.576   1.411  0.3753  0.3106 -0.5225
0.824   2.229   2.770  0.5842  0.4250  0.1598
2.262   0.874   1.503 -0.2186 -0.7614 -0.1977
0.314   0.978   2.114 -0.1198  0.0667  0.3910
2.805   0.506   0.861 -0.1122  0.3589 -0.3021
0.014   2.271   3.017  0.1830 -0.1499 -0.3538
2.523   2.710   1.302  0.1676  0.0014 -0.1202
1.381   2.698   1.250 -0.2704  0.6417 -0.5456
1.246   0.098   0.523  0.1004  0.1115 -0.5262
0.604   0.159   0.076  0.3287  0.3980 -0.3484
2.126   1.826   1.421 -0.1472 -0.0701  0.2048
1.580   2.933   1.333  0.0954  0.5312 -0.4958
0.294   0.231   0.533  0.0461 -0.1952 -0.1710
0.692   0.003   2.171  0.1225  0.3393  0.1233
1.357   1.590   1.352  0.1445  0.4346 -0.1606
2.319   3.037   0.499 -0.4635  0.2900  0.0759
0.970   1.287   0.184 -0.0721  0.1780 -0.2389
0.350   2.380   0.461  0.4450 -0.5132 -0.3110
2.738   2.555   2.568 -0.2783 -0.0113 -0.1486
2.986   0.770   0.611  0.3300 -0.2629  0.2295
2.935  -0.004   2.472 -0.4432  0.1180 -0.1339
1.412   0.467   1.321  0.0454 -0.4439 -0.2399
1.556   2.830   0.374  0.7445  0.4388  0.4161
2.823   2.895   2.245  1.2306 -0.2278 -0.5264
0.273   2.290   3.035  0.2850 -0.3947  0.4683
0.390   2.430   1.421  0.4957 -0.0032  0.4748
0.700   1.169   0.153 -0.3394  0.2005 -0.4178
0.789   1.825   0.716 -0.0970  0.0669 -0.5248
2.446   1.587   1.010  0.0475  0.8067  0.0385
0.421   2.911   0.341 -0.2689 -0.1976 -0.5677
2.700   1.707   0.295  0.8866 -0.0919  0.6284
0.909   1.743   0.292 -0.2035  0.4527 -0.2842
0.152   1.503   1.606  0.5183 -0.3612 -0.3230
2.222   2.418   2.816 -0.1509 -0.0697 -0.1943
2.523   1.982   2.473 -0.3759 -0.0676  0.0461
1.902   1.976   0.399  0.1123  0.1601 -0.1122
1.795   1.081   1.953 -0.1381  0.0113 -0.1752
0.744   1.399   0.434  0.1961 -0.1129 -0.1920
1.220   1.193   2.694 -0.2058 -0.1986 -0.5318
2.138   0.421   0.142  0.2803 -0.2102 -1.1048
0.310   0.049   1.835  0.1425  0.2775 -0.1380
3.079   1.833   2.536  0.2129 -0.1622 -0.1812
2.886   0.346   1.509 -0.1522 -0.0923 -0.2630
0.342   1.155   1.395 -0.0306  0.6647 -0.5369
2.044   1.131   1.176 -0.5453  0.0067 -0.0598
2.266   2.387   1.957 -0.1434 -0.4007 -0.1783
0.453   0.622   0.671 -0.2796  0.1623 -0.2086
1.398   2.737   1.695  0.5377 -0.0064  0.2274
0.867   0.149   1.990 -0.1742 -0.5307 -0.5613
2.945   2.611   0.980  0.1055 -0.1841 -0.3883
0.614   0.962   2.078 -0.3041  0.4168 -0.3034
1.450   2.042   0.364  0.7811  0.0033 -0.0636
1.971   1.207   2.136 -0.4539  0.1816 -0.5205
2.540   2.560   2.131  0.3317  0.1701  0.1437
2.678   0.307   0.974 -0.2811  0.0962 -0.6418
0.485   2.674   1.167 -0.0012 -0.2812 -0.1459
1.906   0.034   2.263 -0.2487  0.3668 -0.3103
0.527   1.941   1.037  0.0037  0.1870 -0.1043
1.779   1.290   1.675 -0.1105  0.1097 -0.1052
0.727   1.248   1.390  0.1503  0.5205 -0.8011
1.240   1.549   2.535  0.0060 -0.0790 -0.0577
0.885   0.883   1.166  0.3085  0.4953 -0.1468
1.671   0.125   1.164  0.1574 -0.2940 -0.1292
0.866   2.751   2.473  0.2683  0.3444 -0.0675
1.213   2.332   1.840  0.5480 -0.4452 -0.4534
3.014   1.140   0.357  0.1667 -0.2779 -0.1099
1.791   0.108   2.907  0.2007  0.0064 -0.3674
2.461   2.346   2.604 -0.8406  0.0723  0.0206
1.627   2.122   2.844  0.2510 -0.1044  0.0417
0.574   1.564   0.214  0.6850 -0.0631 -0.3998
2.359   1.064   1.674 -0.0775  0.1779  0.6281
0.638   0.272   1.625  0.0754  0.0196 -0.3607
2.608   0.077   2.328  0.0831  0.1010 -0.7563
0.827   3.035   1.686  0.4162  0.4675  0.1808
0.777   2.055   1.109 -0.2232  0.2341 -0.6217
0.442   2.991   2.828  0.0871 -0.1339 -0.1235
1.883   0.070   1.318 -0.0314 -0.3599  0.2144
2.057   1.645   0.779 -0.1292 -0.0174 -0.3513
1.417   2.540   0.701 -0.2618 -0.0690  0.5198
2.953   0.807   1.387  0.2896 -0.4319 -0.0370
0.195   1.074   2.609  0.9472 -0.3738 -0.5971
1.151   1.314   2.404  0.3481  0.5756  0.1997
2.596   1.275   2.340  0.6726  0.2059  0.2316
2.676   2.174   1.541  0.3156 -0.0331  0.2234
1.199   2.776   2.084 -0.1898  0.0981 -0.6839
1.452   0.236   1.973  0.8650  0.0138  0.1293
1.563   1.303   2.690  0.2146 -0.2552 -0.6011
2.572   1.037   0.731  0.3445 -0.2956 -0.7761
2.821   0.144   2.694 -0.4910 -1.6108 -0.5588
0.475   2.498   2.016  0.4855  0.3781 -0.2044
0.124   2.861   0.188  0.1500 -0.5006 -0.8693
2.206   1.660   2.019 -0.0616  0.2516 -0.0068
2.254   1.374   2.906  0.2347 -0.4114  0.0212
1.796   0.281   2.121 -0.3749 -0.1090  0.1996
0.935   1.615   1.546 -0.8030 -0.7881  1.0334
2.737   0.346   3.031 -0.5387 -0.4023  0.6016
0.008   2.223   2.099  0.1974  0.4670 -0.1359
2.241   0.452   0.757 -0.3423 -0.4483 -0.0185
1.218   1.113   0.454 -0.1305 -0.2236  0.1284
2.778   1.938   1.706  0.4435 -1.1256  0.2330
1.972   1.672   2.144  0.2208  0.1836  0.4207
2.091   2.590   2.046  0.0160 -0.4595 -0.0614
2.026   0.867   1.081 -0.2818  0.5135  0.1993
2.782   1.282   0.398 -0.0178 -0.0599 -0.1408
0.287   0.607   1.287 -0.4452 -0.2936 -0.0158
1.247   1.915   1.699 -0.2241 -0.4465  0.1394
1.236   2.180   2.084  0.1539 -0.3702  0.1368
0.144   0.982   2.329 -0.1081 -0.0192 -0.0298
0.754   2.932   0.277 -0.3047 -0.0418  0.1006
2.982   0.820   2.324  0.0522  0.3133 -0.4944
0.517   2.639   2.247 -0.2817 -0.6381  0.0603
0.307   0.901   2.831 -0.0204 -0.3625 -0.0326
0.265   0.649   1.940 -0.2096  0.4307 -0.1233
0.501   0.708   1.661  0.3027  0.4160  0.1966
2.356   0.261   1.398 -0.7951 -0.1058 -0.3478
1.409   1.280   1.926  0.0393  0.5319  0.3077
2.438   2.724   0.819 -0.0971  0.1123  0.3003
2.685   2.118   2.646 -0.1161 -0.3035  0.5580
3.025   2.607   0.707 -0.4684  0.6445 -0.4921
2.710   0.452   2.317 -0.0961 -0.4915  0.0027
1.513   1.369   2.401  0.1709 -0.1465 -0.2786
0.980   2.352   1.985 -0.1992  0.4650 -0.3559
2.936   0.513   0.486 -0.1457 -0.0336  0.5753
1.492   2.374   2.101  0.1139 -0.1184  0.1000
3.073   2.032   0.817 -0.1795 -0.1070 -0.2546
0.694   2.037   1.401  0.0392 -0.2189  0.0704
2.566   2.821   2.015  0.3442  0.3498  0.0104
3.082   2.385   0.546 -0.1192  0.0903  0.5531
1.596   2.510   2.805 -0.1260 -0.5063  0.0741
0.156   1.748   2.066  0.6566  0.3297  0.5328
2.230   2.297   0.753  0.2615  0.0277 -0.1699
1.023   2.699   0.729  0.0158 -1.3292 -0.5974
2.941   0.450   1.853  0.0718 -0.4723  0.5750
2.387   1.792   1.537  0.2225  0.1863  0.1632
0.735   0.663   0.745 -0.0398  0.3369  0.4569
1.642   2.641   1.965  0.4921 -0.8405 -0.5359
1.503   0.210   0.023 -0.2783  0.3898  0.5213
1.790   0.517   0.542  0.2872 -0.5324  0.5550
2.604   1.705   2.407 -0.1224 -0.1370 -0.4394
2.278   1.861   0.970 -0.0148  0.3952  0.3856
2.206   2.157   1.651  0.6525  0.2730 -1.0127
1.277   1.948   0.832 -0.1596  0.2861 -0.0412
2.248   1.467   1.313  0.2441 -0.5101  1.3720
2.440   0.297   2.377 -0.1345  0.0509  0.7453
0.558   1.489   1.265 -0.0577 -0.1081  0.1352
0.181   1.863   0.983 -0.0875 -0.0304 -0.7252
0.248   0.220   2.038  0.4286  0.6689 -0.5380
2.112   2.149   1.901  0.3378 -0.5747 -0.0171
0.962   0.186   1.726 -0.2913  0.1346  0.0030
2.843   0.827   1.894 -0.1297 -0.9388  0.3004
1.254   0.794   1.560  0.1319  0.0123  0.2700
2.919   1.524   0.344 -0.1608  0.1176 -0.5183
2.042   2.437   3.019 -0.4357  0.0037  0.6170
1.244   0.672   0.550  0.5980  0.0971  0.0040
2.056   0.365   2.183 -0.1323  0.0973  0.1246
1.989   1.263   0.364  0.4798  0.2986  0.3223
2.151   2.425   1.619  0.2008 -0.0629  0.2120
1.296   0.227   2.637 -0.5881  0.1541  0.7469
2.938   0.555   1.131  0.1889 -0.1537 -0.0739
2.162   1.011   0.246  0.0363  0.1089 -0.4403
0.265   2.105   0.797  0.4690 -0.0130  0.2068
2.940   2.149   1.672 -0.1941 -0.5793  0.6406
1.464   0.995   0.535 -0.6206 -0.2345 -0.0440
2.945   1.583   0.853 -0.3420 -0.1966  0.4840
0.591   2.800   0.704  0.2158 -0.5203  0.3783
0.142   1.813   0.283 -0.0130  0.2487 -0.2837
2.431   0.792   1.785 -0.0574 -0.7337  0.1221
1.921   2.684   3.021 -0.2723 -0.1333  0.4534
2.992   2.297   1.362 -0.2834 -0.0457  0.0375
1.459   1.452   0.164 -0.3893 -0.2982 -0.2674
0.579   1.058   2.850 -0.1354  0.0419  0.0989
2.769   2.513   1.878  0.3822 -0.1157  0.3334
1.224   2.270   2.721 -0.1895 -0.4237  0.0539
0.400   0.939   1.760  0.3286 -0.1226 -0.2130
1.682   1.327   1.951 -0.5508 -0.0697  0.0078
2.951   0.227   2.089  0.0000 -1.0000 -0.2124
1.345   1.284   2.223  0.2870  0.8028  0.0553
1.534   2.816   2.384 -0.2776 -0.3275 -0.1841
0.527   0.045   1.021  0.1538 -0.1210 -0.8331
1.846   0.017   2.537  0.2961 -0.5235 -0.4242
1.011   1.165   1.707 -0.4056 -0.5620  0.8528
1.092   2.765   0.417 -0.2630 -0.1545 -0.1327
0.104   0.815   1.300  0.1603  0.1220 -0.8535
1.689   1.962   2.508 -0.3539 -0.1016 -0.2182
0.886   1.196   2.354 -0.1784 -0.6055 -0.0148
1.597   1.756   0.608 -0.1471 -0.2461 -0.8352
2.913   2.805   0.554  0.3512 -0.5809 -0.4768
3.044   1.164   2.826  0.3058 -0.4779 -0.4144
0.407   1.757   0.328 -0.2640 -0.5159  0.1009
1.975   1.061   1.672  0.1336 -0.6411  0.0143
1.463   0.380   1.058  0.1672 -0.6093  0.0660
0.639   0.093   1.393  0.0093 -0.4771  0.2338
1.546   2.425   0.376  0.1795 -0.2141 -0.2621
0.402   1.856   2.966  0.2243 -0.1978  0.0252
2.406   1.273   0.687 -0.3512 -0.2308 -0.2554
0.972   0.902   1.721 -0.0054  0.4375 -0.2559
0.076   0.050   2.149  0.5376 -0.1905 -0.3497
1.203   0.516   1.010 -0.0235 -0.0180  0.0073
1.917   3.005   0.418  0.3243 -0.2902  0.9590
2.254   2.616   1.421 -0.3044 -0.4648 -0.8536
0.468   0.979   2.609 -0.3405  0.1032  0.3641
1.274   3.084   2.566  0.2967  0.3736  0.1267
0.604   1.255   1.830 -0.2257  0.7235  0.4142
0.775   2.542   2.140 -0.0745  0.1155 -0.2399
2.381   1.830   3.044 -0.5879  0.1983 -0.1549
0.496   1.342   1.508 -0.0514 -0.0638  0.2108
0.292   1.448   1.976  0.0543 -0.1951 -0.3093
0.772   0.579   1.600 -0.0403 -0.4506  0.2137
1.184   2.792   1.550  1.1880 -0.4370  0.2463
0.229   0.936   1.518 -1.1103 -1.1002  0.4265
1.188   0.029   0.175 -0.5567  0.0992  0.6653
1.680   2.230   2.253  0.1937 -0.5733  0.4411
2.157   0.311   2.954 -0.5252  1.0002  0.1526
0.688   1.275   1.110  0.0787 -0.2962  0.3554
2.321   2.100   2.634  0.0515 -0.4163 -0.0117
0.467   3.015   2.055  0.2199  0.1868  0.4714
0.897   0.633   2.122 -0.4729  0.1547 -0.3035
1.376   1.046   1.600  0.2491 -0.2369 -0.0171
1.892   1.970   0.089  0.0167  0.3498  0.0615
1.398   2.156   0.700  0.2771  0.3354  0.2598
0.477   2.728   0.140  0.6032 -0.0595 -0.0956
2.506   2.679   2.469 -0.3279 -0.1950  0.0842
2.729   1.575   1.046 -0.3151  0.0790  0.5378
2.775   2.880   1.006  0.5295  0.9557  0.1392
0.629   2.917   1.399 -0.0807 -0.1490  0.1749
2.769   1.304   0.951  0.0962  0.3428 -0.1382
0.823   2.795   1.537  0.4205 -0.3981 -0.9988
0.226   2.033   2.362  0.1489  0.2139 -0.0465
0.816   1.669   1.294 -0.4063  0.1771  0.1087
1.970   2.563   1.098  0.1765  0.1543 -0.1254
0.595   2.318   1.864 -0.0454 -0.2679  0.7040
2.613   1.665   2.017 -0.1013 -0.1135 -0.6627
1.355   2.275   1.552 -0.2617  0.0715  0.0437
0.675   0.941   0.738  0.0153  0.5178  0.0531
2.394   3.087   1.283  0.4573  0.5514 -0.2600
0.500   0.383   1.386  0.4494 -0.1795  0.3919
1.121   2.634   1.198  0.7456 -0.7759  0.5105
1.797   2.162   1.138  0.4445 -0.4887 -0.3427
1.544   0.003   0.693 -0.3620  0.4141  0.3937
0.630   2.465   0.995 -0.0150 -0.2100 -0.5441
1.524   2.037   2.090 -0.2374  0.2644  0.1676
3.014   3.091   1.126 -0.6089 -0.0359  0.6131
2.378   3.088   2.794  0.2963 -0.2553 -0.0195
2.396   2.379   0.194 -0.6938  0.0296 -0.1511
2.979   0.059   1.870 -0.2189  0.9827 -0.2531
0.740   2.421   2.377 -0.0828  0.2783  0.5290
2.691   2.225   0.760 -0.4948  0.1010  0.1576
1.097   1.968   0.626 -0.5290 -0.0760  0.6161
2.421   2.816   2.993  0.0139 -0.0199  0.4735
2.425   0.530   1.464  0.3179 -0.0425 -0.2138
0.332   2.673   0.434  0.1583 -0.3830 -0.1811
2.945   1.055   2.026 -0.1200 -0.6241 -0.0352
1.048   1.657   1.786  0.0054  0.1900 -0.1878
1.175   0.499   1.415  0.1920 -0.0261 -0.1160
2.427   1.941   0.775  0.4126  0.4236  0.1008
1.467   2.943   2.721  0.8260  0.2917  0.7134
2.816   2.876   1.419  0.8228 -0.2550  0.5507
3.077   2.212   0.264  0.4021 -0.6312 -0.1916
0.548   3.040   1.677  0.3265  0.4293 -0.2335
2.437   0.451   2.824  0.5565 -0.4046 -0.0393
2.658   2.030   2.963 -0.2935 -0.1443  0.2852
2.536   1.484   1.537  0.1996 -0.2282 -0.2158
0.606   2.456   2.908  0.2816  0.3595 -0.3708
1.370   2.597   1.947  1.4114  0.5142 -0.1979
1.538   2.480   1.652 -0.3197 -0.2126 -0.2674
1.287   0.128   2.334  0.1579  0.3111 -0.5010
2.544   0.538   3.073 -0.5108  0.1315 -0.4995
1.022   1.888   1.926 -0.4808 -0.0023 -0.0682
1.847   2.825   2.464 -0.0694  0.0900 -0.0487
2.477   1.298   3.063  0.4981 -0.0474 -0.1252
0.917   0.084   0.394  0.3463 -0.2796 -0.4024
1.343   1.210   1.201 -0.1534  0.2026 -0.2505
0.193   2.883   2.755  0.3356  0.0678  0.5910
2.469   2.081   2.231  0.4147 -0.3921 -0.4217
1.741   1.622   1.474  0.1561  0.0652  0.0314
0.012   0.229   0.999  0.0650 -0.1513  0.0392
0.027   1.360   2.043  0.3876 -0.1813  0.1924
0.074   0.695   1.026 -0.1063  0.0188 -0.2961
2.763   0.475   2.780  0.2284 -0.2880  0.2819
0.650   0.404   1.986  0.4718  0.3791 -0.3192
1.395   1.786   2.380 -0.1571 -0.1101 -1.1540
2.825   2.037   0.896  0.0848  0.6467  0.4512
1.779   1.188   1.404 -0.0720  0.4426  0.0486
1.164   1.428   0.980 -0.1466  0.3751 -0.0293
0.291   2.626   2.377 -0.0378  0.2359 -0.1150
2.310   0.426   1.042  0.1940  0.1476 -0.0505
1.353   0.390   0.143  0.1247 -0.6472  0.0560
2.279   0.388   1.739  0.0857 -0.4691 -0.0350
0.001   2.606   1.564 -0.2210  0.2743 -0.1310
1.593   0.681   1.798  0.0346 -0.3561 -0.0692
0.341   2.498   2.864 -0.3831 -0.4015  0.9096
2.069   2.057   2.517 -0.0877  0.4018  0.5622
1.618   2.715   0.608  0.0806 -0.2368  0.1252
2.456   1.509   2.276 -0.2958 -0.3791  0.2895
2.300   1.682   1.761  0.4998 -0.3994 -0.0677
1.586   2.036   0.105 -0.5496  0.3490 -0.2728
1.100   0.347   0.222 -0.3611 -0.0762  0.3364
1.275   0.853   0.362  0.0406  0.3171 -0.1582
2.085   0.678   2.744 -0.0222 -0.2256  0.4970
1.313   2.939   0.564  0.5159  0.5024  1.0138
2.329   0.087   0.842  0.0885  0.3388 -0.2570
1.738   0.650   3.082  0.3289 -0.7465  0.1618
1.662   1.731   1.718 -0.0905  0.2386 -0.2843
0.218   1.697   0.647 -0.6202  0.2906 -0.8048
1.268   2.951   3.030  0.1189 -0.2578  0.4692
2.054   1.406   2.615 -0.1649  0.4239 -0.3080
1.158   0.113   1.340 -0.6296  0.0977 -0.3737
2.988   2.335   1.878 -0.2955  0.5975  0.4517
3.036   0.277   0.717  0.5906 -0.1843 -0.1001
0.272   0.245   0.254  0.4365 -0.3311 -0.0139
1.744   0.238   0.887  0.3067  0.5197 -0.6495
0.599   1.435   0.915  0.1002 -0.0649  0.4318
0.027   0.324   0.469 -0.1442 -0.1599 -0.1236
1.383   2.648   0.062  0.0400  0.3545 -0.0346
0.507   1.757   1.231 -0.0363 -0.2593 -0.5183
3.049   2.544   2.583 -0.7425  0.4953  0.7076
2.873   1.609   1.660  0.0526  0.3348 -1.0606
0.580   0.465   2.284 -0.2239 -0.0100  0.1658
3.033   3.057   1.415  0.5809 -0.0459 -0.3460
2.040   0.968   1.939  0.1707  0.5398 -0.5245
1.965   1.004   2.758 -0.0933  0.2423  0.4593
1.587   2.520   2.529  0.4046  0.3210  0.5576
1.768   2.161   0.795  0.5100  0.2646  0.0967
3.045   1.548   2.322  0.4603 -0.0814  0.1900
2.917   1.824   0.445 -0.0444 -0.3440  0.1797
0.191   2.355   0.709 -0.1967  0.0745 -0.1110
1.406   0.024   1.249 -0.5033 -0.0275  0.0270
2.649   0.774   1.658 -0.3113  0.3414  0.3036
0.109   2.731   0.871 -0.2080 -0.7104 -0.6995
0.574   0.193   0.801 -0.0656  0.0009 -0.0690
2.173   2.739   2.271  0.2526  0.6591 -0.1955
2.534   3.033   1.007 -0.2087 -0.2715 -0.3292
0.706   1.708   2.003 -0.4802 -0.7933  0.0032
1.841   1.249   2.783 -0.1009  0.5575 -0.1226
0.165   0.952   0.783 -0.4835 -0.6315  0.1345
0.530   0.776   2.279 -0.1910 -0.1371  0.1539
2.679   1.969   1.359 -0.1571  0.4249  0.0099
1.123   2.992   2.775  0.2137 -0.2799 -0.7217
2.270   0.749   0.189  0.0937 -0.1737  0.5563
0.836   0.617   2.625 -0.0142  0.2294 -0.1973
2.041   0.333   0.991 -0.1893  0.3520 -0.3970
1.740   0.097   0.519  0.0514  0.2166  0.0485
2.587   0.125   1.457 -0.5943 -0.0483  0.3465
2.993   1.154   0.899 -0.2783  0.5782  0.1297
2.677   1.635   0.724 -0.3580  0.6190 -0.0092
2.781   2.959   1.904 -0.3881 -0.1001 -0.2051
0.858   0.358   1.029  0.1222 -0.1785 -0.2329
0.444   1.730   2.412 -0.3243  0.1677 -0.0125
0.077   2.558   0.357 -0.0205  0.2009  0.5376
1.613   1.737   1.112  0.3668  0.1845 -0.1412
1.078   2.457   0.638 -0.5549 -0.6923  0.1679
0.820   1.962   2.723 -0.2031  0.0880  0.5213
1.175   1.601   2.236 -0.0897 -0.2191 -0.3224
0.540   0.488   2.575  0.0746  0.2501  0.1028
1.962   0.223   1.530 -0.3337  0.0551  0.6068
0.230   1.754   1.263  0.6460 -0.1420  0.3200
2.376   1.483   2.707  0.1415  0.1321  0.3568
1.345   0.733   2.909 -0.2607  0.3679  0.5112
0.240   0.565   1.578 -0.3594  0.4685  0.0379
1.513   0.516   2.953 -0.4256 -0.3174  0.0359
2.814   1.237   1.841 -0.2747  0.4852 -0.1047
0.780   2.930   0.874  0.4846  0.2095 -0.5601
2.039   0.084   0.246 -0.4601  0.2911  0.2564
0.549   0.175   0.519  0.1804  0.1380 -0.1388
2.994   2.802   1.180 -0.0519 -0.3636 -0.1445
2.317   2.048   1.428 -0.3988 -0.1237 -0.2920
1.791   1.912   1.935 -0.2837  0.1622 -0.2856
0.150   2.272   2.480  0.3759 -0.4463  0.3006
1.864   1.813   0.648 -0.1029 -0.3774 -0.1741
0.525   2.704   2.710  0.0183 -0.5124 -0.2747
1.003   0.065   0.649  0.0994 -0.2903 -0.3904
0.026   1.102   1.542  0.3060  0.8649 -0.3858
2.884   2.930   0.273  0.1591  0.0074  0.1814
0.737   2.095   0.782  0.0379 -0.0280  0.2517
0.603   1.583   2.712 -0.1403  0.4117  0.1883
1.010   2.952   1.403 -0.4122 -0.5603 -0.2817
2.673   3.002   1.627 -0.1986  0.3162  0.4575
1.123   1.806   2.456 -0.0436 -0.1751 -0.7156
1.415   2.415   1.319 -0.4515  0.4894  0.3970
2.189   1.483   1.599  0.2238  0.8241  0.5068
0.917   1.934   2.327 -0.3055  0.1990  0.1016
1.894   0.818   0.167  0.0846 -0.1160 -0.2261
1.283   0.518   1.798 -0.0657  0.0877  0.0925
1.622   1.115   2.384 -0.1546  0.0498  0.1924
0.970   2.576   1.480  0.1239  0.9572  0.5251
0.030   3.076   2.910  0.2652  0.5635 -0.1475
1.725   1.324   0.857  0.0424 -0.3785  0.2814
1.827   0.358   2.983 -0.2579 -0.5692  0.2331
2.673   1.722   1.510 -0.0610  0.6071 -0.3736
0.273   0.431   2.212  0.3876 -0.0339 -0.3663
3.089   2.725   1.876 -0.1242 -0.2879  0.1919
0.674   2.083   2.411  0.6716  0.1099  0.3076
0.304   2.873   2.238 -0.0324  0.0652  0.5045
0.578   1.223   2.284  0.2752 -0.0954  0.7545
0.428   2.755   2.972 -0.1646 -0.1798  0.4726
1.911   1.913   1.246 -0.6039  0.4372  0.7784
0.217   0.189   3.062  0.2778  0.0725  0.4583
0.755   2.271   3.042  0.0198 -0.2216 -0.0994
0.861   1.254   1.936  0.8058  0.0645 -0.3331
1.363   2.052   2.391  0.3500 -0.0881  0.1233
1.701   1.566   0.098  0.4640 -0.7470  0.2367
2.894   2.004   1.210 -0.6176 -0.0052 -0.3855
1.494   0.453   2.664 -0.4410 -0.1774  0.0629
2.946   2.138   2.552 -0.2206 -0.9077 -0.3821
0.373   2.935   1.470  0.5957  0.3289  0.0998
1.627   2.421   1.120  0.3759  0.2570 -0.5612
2.643   2.624   0.967  0.5464  0.5875  0.6961
1.091   2.894   2.467 -0.8507  0.1005 -0.3265
0.145   1.750   2.323  0.3820  0.0711  0.3349
0.731   1.025   0.995  0.7621  1.1097  0.0998
2.313   1.706   0.170  0.1807 -0.2215  0.5292
0.984   0.478   3.021  0.3773 -0.2832  0.1639
2.572   1.734   2.880  0.5200 -0.4281  0.0319
2.160   0.046   1.555  0.0287  0.0200 -0.6803
2.656   2.516   0.429  0.2409 -0.0201  0.0981
2.370   2.543   3.078  0.0166 -0.2135 -0.1006
2.468   0.296   0.736 -0.2913  0.4698  0.1239
2.296   2.674   1.180 -0.4391  0.3796  0.1341
1.036   2.178   0.193 -0.1280 -0.1091  0.2204
0.216   0.720   2.408 -0.0581  0.1837 -0.1400
0.997   1.286   1.463  0.4765  0.3844  0.1016
1.315   2.243   1.138  0.0048  0.7631 -0.2230
1.588   1.255   0.617  0.8503 -0.0713 -0.0796
0.954   2.526   0.407  0.0432  0.3082 -0.0982
2.938   2.580   0.228  0.3778  0.0228  0.2380
0.767   0.644   1.878 -0.6383 -0.1244 -0.1329
2.283   1.380   2.443  0.6310 -0.4464 -0.2068
1.930   1.922   1.601  0.3445 -0.0956 -0.3078
1.799   2.822   0.260  0.2736  0.7432 -0.6823
0.594   2.521   0.746  0.0972  0.1000  0.2401
0.504   0.321   2.778  0.3791 -0.5094  0.1327
2.307   2.330   2.226  0.2322  0.7742 -0.5486
1.707   1.432   1.273 -0.9616  0.2669  0.5393
0.617   2.840   1.876  0.0966 -0.2780  0.4295
1.996   0.731   1.768 -0.4671  0.0907 -0.1036
0.273   2.213   0.237 -0.4816  0.3989  0.2488
1.068   2.379   1.270 -0.0458  0.2485 -0.3947
1.529   2.087   1.090 -0.1185  0.1149 -0.6248
1.765   0.283   2.696 -0.0871  0.2087 -0.3684
1.534   0.095   1.694 -0.3087 -0.2642  0.0040
0.406   0.112   2.439  0.2373 -0.1608 -0.3461
1.218   0.955   2.550  0.3262  0.4909  0.0346
1.369   0.934   0.023 -0.0011 -0.3786 -0.3794
0.931   2.482  -0.002  0.6593 -0.0222 -0.0848
2.061   2.502   2.616 -0.3177  0.3793  0.2371
1.992   2.620   1.378 -0.7529 -0.0282  0.3842
1.298   1.561   1.822  0.5161 -0.0334  0.2140
0.884   0.508   0.558 -0.1729  0.5128 -0.1605
1.928   2.948   1.801 -0.3321  0.3310  0.0625
1.344   2.425   2.522  0.4546 -0.4791  0.3013
1.616   1.841   1.431 -0.2891 -0.0823 -0.2847
2.275   1.716   0.623 -0.6644  0.2166 -0.2720
0.826   1.106   0.562  0.4400 -0.0526 -0.0362
2.583   0.566   0.383 -0.3942  0.0196  0.5700
0.057   0.932   0.450  0.3598 -0.1433 -0.4430
1.111   1.709   2.918  1.1730 -0.2319  0.1924
2.138   0.055   1.165 -0.0755  0.2613 -0.4169
0.468   0.430   0.872 -0.5343 -0.0647  0.3313
1.174   0.319   0.764 -0.4146 -0.2130 -0.1837
0.250   2.523   0.147 -0.1594  0.1747 -0.5382
2.841   0.103   0.636  0.3551  0.8967 -0.6207
1.508   2.015   1.830 -0.0186 -0.0776  0.0558
1.595   1.711   2.591  0.1776 -0.5319  0.3276
2.181   2.005   1.192 -0.0746 -0.4113 -0.2561
0.483   2.034   0.226 -0.2089  0.0248 -0.0482
2.329   1.711   1.231  0.7444 -0.3520 -0.1149
3.083   0.612   0.256 -0.0758 -0.0282  0.0408
1.167   1.986   0.322 -0.2505  0.5566  0.4200
0.147   1.552   0.182 -0.1667  0.0827  0.5261
0.275   2.267   1.624 -0.0796 -0.7011 -0.3188
1.873   0.293   0.148 -0.1982 -0.0314  0.0747
1.772   0.819   1.650  0.1327 -0.1187 -0.4253
0.363   1.160   1.910  0.4079  0.2737 -0.7196
1.674   2.047   1.612  0.6717  0.7845 -0.4706
1.401   1.952   1.289 -0.1533  0.5187  0.5127
2.623   0.982   0.128  0.4305 -0.0966  0.1771
0.044   1.750   1.724  0.4839 -0.5166 -0.3727
1.017   1.485   0.481  0.2935 -0.3260  0.3414
0.896   1.035   2.572 -0.3936 -0.5266 -0.0839
0.780   2.301   1.404 -0.6159 -0.2447  0.5369
0.240   0.967   0.120 -0.2199  0.2758 -0.3222
1.135   3.005   1.694 -0.2002 -0.2862 -0.4334
2.903   3.090   0.048  0.6105  0.1046  0.4116
0.101   0.546   0.771  0.0224  0.1546  0.1962
0.378   0.136   1.372  0.1405  0.1113  0.1553
2.836   1.257   1.225 -0.0624  0.2611 -0.2780
2.380   0.076   3.063 -0.3027  0.2608 -0.0423
1.054   1.457   1.973  0.4493  0.4819  0.0283
1.422   1.689   1.604  0.0984  0.1234 -0.5139
2.655   1.363   0.630  0.1115 -0.6603  0.1748
0.769   0.997   3.052 -0.7596  0.3244 -0.0660
3.060   0.974   0.125 -0.2682  0.1627  0.4572
3.014   1.707   2.956 -0.8157 -0.0337  0.0799
0.521   1.796   1.512  0.3902 -0.0808  0.0641
0.369   2.943   0.778 -0.0157 -0.3327 -0.1868
0.725   1.984   0.084  0.2642 -0.1220 -0.1152
1.858   2.683   0.746  0.3858  0.5421  0.0627
1.841   1.894   2.283  0.1592  0.1138 -0.6049
0.239   2.786   1.653  0.3877  0.8476  0.1117
1.225   2.445   0.030 -0.6248 -0.4273  0.0611
0.898   2.302   1.047 -0.1203  0.3616  0.2267
2.263   1.465   0.852  0.3957 -0.0523 -0.3612
3.097   1.180   2.237  0.5566  0.6135 -1.1947
1.880   2.309   0.163 -0.2047  0.7934 -0.0212
0.609   1.881   0.525 -0.3179  0.1826 -0.6334
2.189   0.625   0.542  0.3128  0.5899  0.0750
1.579   2.213   2.494 -0.1640 -0.2025 -0.2610
1.277   0.126   1.807 -0.3786 -0.0936 -0.6192
2.816   2.356   2.408  0.1494  0.4206 -0.3486
1.780   2.425   2.965  0.1955  0.4863  0.5521
0.366   0.882   0.449 -0.3982 -0.3247 -0.0170
2.878   2.653   2.994  0.0029 -0.2408  0.9113
1.859   1.538   2.796 -0.3818  0.6913 -0.4509
2.811   0.235   1.274  0.1529 -0.1971  0.2490
2.715   3.081   1.239 -0.5605 -0.1796 -0.1197
2.732   2.337   1.312 -0.8800 -0.1313  0.0792
0.102   0.711   2.809 -0.5504  0.2909 -0.1612
1.638   0.985   1.493  0.1528 -0.4367 -0.5189
2.667   0.721   1.126 -0.0959 -0.4013 -0.8321
1.204   1.868   2.140  0.5003 -0.1931  0.8155
2.638   1.852   0.912 -0.4429 -0.3560 -0.1540
1.720   2.675   1.048 -0.3996 -0.3226  0.4325
0.967   2.558   0.956  0.2466  0.2732 -0.0567
0.313   1.474   2.437 -0.5790  0.2951  0.4014
1.970   2.059   2.116  0.7420 -0.6881 -0.2630
0.706   0.895   1.824 -0.0756 -0.0017  0.2031
0.103   0.241   2.330 -0.3301  0.0984 -0.2727
2.022   1.661   2.507  0.3252  0.5056 -0.0180
1.054   2.500   2.274  0.1306 -0.3644  0.7757
1.036   1.653   1.044  0.1972 -0.2311 -0.3802
1.403   1.581   2.069  0.5620  0.7435  0.2431
2.765   2.601   1.396 -0.0232  0.3326 -0.9563
1.452   0.586   1.587 -0.4951 -0.1048 -0.0254
0.212   2.780   1.183  0.0677  0.4575  0.6612
3.049   0.166   1.636 -0.0194 -0.0921 -0.3940
1.891   1.065   0.065 -0.0781  0.1996  0.3109
1.946   0.856   2.515 -0.2146  0.5448 -0.2814
2.761   0.996   1.262 -0.4850 -0.5696  0.4131
2.422   2.797   1.763  0.1013  0.2278 -0.1024
2.188   3.075   2.197 -0.2999 -0.2791 -0.3006
0.999   1.729   0.598 -0.2671 -0.1791  0.1514
0.378   1.959   1.909 -0.5255 -0.2903  0.1488
1.521   0.842   2.283 -0.5550  0.4569  0.0010
0.078   2.800   0.503 -0.0727  0.3002  0.6594
0.711   0.300   0.325 -0.2374  0.1043 -0.6010
1.084   1.892   2.734 -0.1683  0.6373 -0.3258
2.743   0.918   0.546 -0.5889  0.0062  0.7018
1.269   0.416   2.084 -0.4767  0.5704 -0.3396
0.703   2.319   0.610 -0.1080 -0.4916  0.7410
0.834   0.279   0.750  0.2786 -0.3755  0.3427
1.174   1.410   0.272  0.4790  0.7741  0.2167
3.060   0.923   2.690 -0.4083  0.3773 -0.2748
1.788   1.547   2.449  0.2072 -0.1966  0.0858
0.895   2.392   1.717  0.0161 -0.1550  0.5556
1.556   2.807   0.877 -0.7656  0.6310  0.4415
0.774   0.268   2.823  0.8250 -0.3023 -0.3947
0.756   1.828   1.577  0.1503  0.1196  0.8632
1.303   0.027   0.997  0.0738  0.1606  0.1324
1.529   0.124   2.220 -0.6874  0.1560  0.0494
0.388   1.212   0.512  0.5467  0.1261  0.1507
1.434   1.550   2.741  0.6134  0.0176  0.1937
1.981   0.336   1.252  0.0839 -0.3156  0.2118
2.149   2.889   3.003  0.2842 -0.1777 -0.5089
3.055   2.054   2.315  0.1708  0.2337 -0.3896
0.412   3.101   0.150 -0.6834 -0.0034 -0.6628
1.460   0.214   1.442 -0.3157 -0.3603 -0.0017
0.781   2.670   2.804 -0.8242 -0.1685 -0.8058
2.601   0.174   0.519  0.2549  0.0558  0.1521
2.084   2.283   1.282 -0.5864 -0.2564  0.3731
2.858   0.844   3.090  0.0467  0.7094 -0.2946
0.578   0.729   2.673 -0.2707 -0.2260  0.3953
0.443   1.784   0.847  0.2025 -0.2840 -0.3383
1.845   1.290   2.393 -0.0371 -0.2187  0.3431
0.176   2.411   2.258  0.1835  0.5463 -0.5716
1.140   2.614   2.598  0.2672  0.6140 -0.8171
1.776   2.217   0.393 -0.1193  0.4255 -0.4400
1.710   1.602   1.949 -0.0854 -0.0505 -0.1867
1.292   0.984   2.271  0.0392 -0.2738  0.2315
0.733   0.630   3.079 -0.0668 -0.5850  0.0024
0.039   0.029   0.182  0.6191 -0.3125 -0.3067
1.178   1.395   1.314 -0.1056  0.1411  0.2905
1.006   0.433   2.768 -0.1790 -0.1480 -0.1329
0.094   1.526   2.598  0.4042  0.4361  0.4951
1.709   3.025   0.876 -0.5344  0.3371 -0.0068
2.459   0.807   3.090 -0.0831 -0.0109 -0.0592
2.269   1.154   1.933  0.3417 -0.2834 -0.1113
3.062   1.986   2.978  0.2772 -0.4481 -0.3835
2.529   1.531   0.092 -0.1505 -0.0728 -0.1576
0.140   1.178   1.208  0.1565 -0.2458 -0.1349
0.368   2.112   2.860  0.2797 -0.4054 -0.6963
1.673   0.166   0.256  0.0505 -0.1315  0.4763
1.159   1.467   3.077 -0.8540 -0.5290 -0.3376
1.391   1.603   3.007 -0.5808  0.3501 -0.1850
2.765   1.684   3.070 -0.2090  0.3404  0.5483
2.888   2.905   2.865 -0.1319 -0.1572 -0.2033
1.953   2.231   2.339 -0.2564 -0.1260  0.0544
2.123   0.035   1.940 -0.0755 -0.2267 -0.4133
1.167   1.891   1.127 -0.3597  0.1477 -0.2534
3.032   2.072   0.508  0.1803  0.2391  0.6869
2.212   1.832   2.389 -0.2879 -0.4907 -0.2539
1.284   1.303   1.674 -0.0426  0.3694  0.8167
1.557   0.820   0.318 -0.1432  0.1092 -0.5128
1.613   1.912   0.867 -0.0674 -0.3208  0.0609
2.191   2.608   0.743 -0.6503  0.6910  0.0527
0.554   1.533   1.876 -0.0242  0.2229 -0.1054
2.633   2.921   2.448 -0.1346 -0.0435  0.0886
2.457   2.584   1.599 -0.2478 -0.1897 -0.2690
2.474   2.533   2.788 -0.4185 -0.3612 -0.0567
0.452   0.481   1.833  0.5307 -0.7919 -0.5209
0.690   0.229   2.373  0.3690  0.3341 -0.5998
2.476   0.154   1.937 -0.1090  0.5264 -0.2617
2.973   1.638   2.680 -0.4689 -0.1819  0.0040
2.294   0.688   2.176 -0.2920  0.4277  0.0887
1.434   0.670   0.738 -0.3762 -0.0526  0.1083
2.750   2.562   0.716  0.3626 -0.4077 -0.8690
1.908   0.378   1.727  0.4129 -0.5911  0.0331
2.983   0.843   1.680  0.1035 -0.1909  0.0755
0.074   1.999   1.596 -0.2603  0.0675  0.3457
0.736   1.684   0.945 -0.3550 -0.0921 -0.1983
2.722   2.303   3.019  0.0664  0.3263  0.2387
2.952   0.559   2.109  0.1557  0.5815 -0.1642
0.653   1.177   2.557  0.0161 -0.0906  0.3290
2.232   0.787   1.229 -0.1531  0.1560 -0.0279
2.338   1.737   2.649 -0.2155 -0.0177  0.0662
2.497   1.010   1.421  0.0706  0.3322  0.4561
0.483   1.001   1.125  0.0470  0.3233  0.3392
2.808   0.943   2.559 -0.8488  0.0108 -0.1192
1.740   0.468   1.913  0.1709  0.4058  0.4049
0.447   1.114   0.260  0.2842  0.7093 -0.0480
1.701   0.102   1.926 -0.0989  0.5934 -0.1685
2.974   1.758   1.951  0.1610 -0.7062  0.1672
2.915   2.784   2.572  0.0338  0.4924  0.0962
2.085   1.219   1.431  0.0550 -0.0457  0.4547
1.972   0.968   0.559  0.4129  0.1969 -0.2893
2.081   0.065   3.041  0.3171 -0.4588  0.3028
0.681   2.545   0.447  0.0800  0.2790 -0.4459
2.451   1.841   0.360 -0.5958  0.1177  0.3525
2.151   2.870   1.481  0.2258 -0.6463 -0.2794
2.055   0.675   3.083 -0.5146 -0.1672  0.1852
2.257   2.505   2.439  0.5333  0.7941 -0.2497
2.863   2.703   2.066 -0.2999 -0.4105 -0.1748
2.382   0.333   0.068 -0.0438 -0.0099  0.1015
1.633   2.407   0.832 -0.0282  0.5650 -0.9473
1.228   2.055   1.467  0.7900 -0.3844 -0.2465
2.654   0.063   3.046 -0.6465 -0.0772  0.1714
2.830   2.430   2.811  0.0980 -0.1874 -0.2098
2.273   1.406   0.412 -0.0489  0.1997 -0.2162
2.662   1.253   1.425 -0.4556 -0.0702 -0.1663
0.312   1.508   0.461 -0.1821  0.1300  0.3642
0.975   0.812   0.603 -0.0296  0.5522 -0.7472
0.831   2.101   2.005 -0.8455 -0.6088 -0.4020
2.423   2.579   0.581  0.1054  0.1505 -0.2982
1.097   0.832   2.138 -0.1554 -0.7343  0.0739
0.288   2.480   2.605 -0.0213 -0.3185  0.5778
2.586   1.892   1.882  0.2814 -0.6622  0.6167
2.786   0.675   2.580 -0.0978 -0.1062 -0.2393
1.278   2.301   0.529 -0.2213  0.0860 -0.1563
2.897   1.208   2.429 -0.3969 -0.5839  0.2764
0.421   0.989   0.692 -0.0637 -0.3214  0.8763
2.693   1.942   0.631 -0.2355 -0.3717  0.4275
0.114   2.435   1.748  0.0323  0.1876 -0.1191
0.981   0.098   0.013  0.7414 -0.2207 -0.6122
1.113   1.943   3.064  0.5137  0.2172  0.5051
1.368   1.282   0.878  0.2437 -0.4151  0.0839
1.197   1.754   0.209 -0.1723 -0.4068  0.1311
2.742   0.925   0.930  0.6636 -0.3137 -0.0036
2.968   1.518   0.073  0.6075  0.4227 -0.1474
1.989   1.830   1.009  0.2937 -0.3553  0.5095
0.311   2.586   0.719 -0.5582 -0.5617  0.2580
1.453   1.024   0.799 -0.1017  0.2581  0.2907
2.835   1.041   1.539 -0.0561 -0.1609 -0.2826
2.272   0.193   0.456  0.2219 -0.8440  0.1863
2.030   2.176   0.954 -0.1468  0.2981 -0.4130
2.853   1.357   1.579  0.7243  0.0136 -0.7341
2.153   1.915   0.459  0.1201 -0.4076  0.0503
0.285   0.457   2.950 -0.0139  0.0971  0.1271
1.818   2.809   1.261  0.0488 -0.7172  0.4159
2.699   0.061   2.084 -0.7885  0.2237  0.1473
0.140   2.111   2.692 -0.5472  0.0698  0.2561
0.196   2.052   0.426 -0.0085  0.4532  0.3673
0.842   1.528   0.115  0.5019  0.0890 -0.3214
1.313   2.743   2.849  0.4041 -0.0708 -0.6904
0.076   2.920   2.465 -0.0428 -0.5322 -0.0472
2.679   1.133   3.020 -0.2749  0.4029 -0.1224
2.024   1.764   2.917  0.2416 -0.1263 -0.3822
3.057   0.282   0.199  0.7865 -0.1859  0.4394
0.215   0.536   2.642 -0.2793  0.0512  0.1977
3.005   0.866   0.864 -0.4767  0.5810  0.0269
0.905   2.207   2.399 -0.0428  0.1740  0.5945
1.963   1.316   0.990  0.3886  0.4806 -0.1353
1.514   0.397   0.403 -0.5340 -0.4676  0.3534
1.349   1.664   0.441 -0.1001  0.1394  0.0252
1.042   0.165   2.851 -0.4978  0.7856  0.3935
0.967   1.934   1.298 -0.6922  0.1439  0.3820
2.179   2.000   0.086 -0.1358  1.2869 -0.9008
3.075   0.233   2.801  0.0971  0.3635  0.0349
1.172   1.035   1.061 -0.0407  0.4738 -0.1359
0.607   0.167   1.872 -0.0062 -0.2230  0.4721
0.620   3.003   0.493 -0.1569 -0.0556 -0.2243
3.047   2.292   2.767  0.6159 -0.1518 -0.1029
0.059   2.405   1.172 -0.0841 -0.3242  0.1355
0.435   2.002   1.657  0.4031  0.0896  0.6052
1.503   0.096   2.863 -1.3475  0.6191 -0.0238
0.134   2.954   1.845 -0.0045 -0.2322  0.0044
2.557   0.744   1.397 -0.0615 -0.2894  0.2965
2.082   2.170   2.847  0.3654  0.6736 -0.3631
0.243   0.508   0.239 -0.9106 -0.0960  0.4085
2.007   1.280   2.995  0.0228  0.0579  0.0439
2.749   0.800   2.837 -0.2439  0.3095 -0.0538
2.878   1.923   2.143 -0.8154 -0.3674  0.1529
1.988   2.356   0.556  0.0938 -0.1546  0.3742
1.518   1.373   1.067 -0.4215  0.2250 -0.0744
2.378   0.799   0.427 -0.1999 -0.0951  0.0476
1.572   0.868   2.008 -0.5165 -0.3852  0.2389
2.067   1.877   1.853  0.8182  0.1352 -0.1344
3.044   0.014   0.460  0.1585 -0.1036  0.4824
2.331   0.333   2.112 -0.0297 -0.2411 -0.0975
2.153   2.271   0.134 -0.9486  0.2800  0.4263
0.996   1.197   0.978 -0.1140 -0.7117 -0.7814
2.244   1.929   2.853 -0.6494  0.3394 -0.3808
2.896   1.504   2.009 -0.2858 -0.3685 -0.1694
2.679   1.088   2.105  0.3071  0.3252 -0.4248
2.324   1.079   2.522  0.0627  0.4704  0.1385
1.705   0.722   2.539  0.3828  0.3843  0.1465
3.061   2.644   2.338 -0.1800  0.2079 -0.1471
2.042   2.792   0.149  0.4952  0.1608  0.4546
0.582   2.098   2.113 -0.1424  0.0681  0.3997
1.885   1.578   1.069  0.3877 -0.2040 -0.1654
0.724   2.626   1.736 -0.1613 -0.1220  0.3171
2.216   1.121   0.561  0.2827  0.1526  0.2372
0.196   1.950   0.009 -0.5541 -0.9388 -0.0569
0.178   1.487   1.303  0.2682  0.4015 -0.2523
1.438   0.386   0.667 -0.0352  0.0909 -0.1240
2.399   1.156   0.189  0.3721  0.1610  0.2948
0.807   1.970   0.377 -0.4218 -0.3485  0.3638
0.007   2.883   2.185  0.0109  0.5558 -0.1871
0.388   1.254   2.920  0.4131  0.2302  0.2009
0.709   2.189   1.647  0.3194 -0.5866 -0.4405
0.832   1.631   2.921  0.1519  0.2046  0.4302
2.266   0.861   2.900  0.0123  0.1939  0.0966
2.161   0.687   2.418  0.6472 -0.0879 -0.2433
1.613   1.561   0.794  0.0732 -0.5023 -0.3615
1.667   1.645   0.370  0.2815 -0.3612 -0.0794
0.200   0.314   1.724 -0.1931 -0.3260  0.9700
1.646   2.651   0.051  0.6945 -0.2947  0.0369
1.549   1.841   2.830  0.6035 -0.3745 -0.1940
1.869   2.309   1.867 -0.2045 -0.2409  0.0576
1.297   0.262   2.921 -0.2804 -0.5088 -0.5122
0.970   0.386   2.140 -0.2164  0.3511 -0.0504
2.028   2.014   0.732  0.0737  0.2683  0.1895
1.165   0.625   0.026  0.4493  0.2221 -0.3721
1.793   0.715   1.302  0.8132 -0.0126  0.0880
2.612   1.326   2.613  0.2512  0.0557  0.1649
1.828   2.398   2.520  0.2594  0.6746 -1.0762
0.549   2.383   2.639  0.1328  0.1156  0.2657
1.322   0.806   0.949  0.4378 -0.0119 -0.3080
2.647   3.054   0.316 -0.4557 -0.0322  0.5753
2.981   0.536   2.431  0.2804 -0.2160 -0.0516
0.199   3.042   1.297  0.4333 -0.4012 -0.4860
2.234   2.489   0.999  0.7301 -0.2832  0.5591
1.001   0.783   2.467 -0.2788 -0.0641 -0.4957
1.930   0.911   0.858  0.5830  0.2905  0.0358
1.791   3.064   0.081 -0.2277  0.0115 -0.4811
2.638   1.071   1.707 -0.1753 -0.2793 -0.2007
2.638   2.276   0.262  0.1495 -0.2626 -0.4305
2.407   0.840   2.379  0.2639 -0.1961 -0.3920
1.756   2.604   2.326 -0.1726 -0.1929 -0.1882
2.633   2.147   1.074 -0.3885  0.4352  0.3924
2.046   1.715   0.108 -0.3047 -0.3133 -0.4564
1.449   0.211   0.867 -0.1109 -0.0887 -0.0983
0.109   0.619   2.165 -0.0153  0.2553  0.0523
2.048   0.683   2.039  0.1289  0.1705  0.1111
1.932   0.533   0.298 -0.0553  0.1568 -0.1938
1.678   3.005   2.187  0.2317  0.2923 -0.1296
0.651   0.732   1.429  0.7854 -0.7233 -0.3401
0.115   1.275   1.740 -0.1490  0.6217  0.0271
0.465   2.571   1.645  0.4801 -0.0737  0.4478
1.977   2.958   0.828  0.0928  0.4751  0.1199
0.907   2.761   2.193 -0.0515 -0.0265 -0.0588
2.504   2.089   0.075 -0.1712 -0.3542  0.0097
1.184   0.380   0.473 -0.4113 -0.1691  0.0011
2.251   0.643   1.659  0.6782 -0.5425  0.4720
1.294   2.270   0.261 -0.0953  0.3572 -0.1623
1.556   1.069   2.798  0.2545 -0.0040  0.8096
1.898   1.896   2.680  0.4118 -0.2709  0.3589
1.619   2.104   0.568  0.1131  0.0088 -0.5562
0.449   2.966   2.559  0.3080 -0.0815  0.2906
3.047   0.373   3.030 -0.3468 -0.1244 -0.3508
1.683   1.045   0.908  0.0783 -0.2278  0.2375
2.025   0.453   2.439 -0.0716 -0.4383 -0.2017
1.035   0.919   2.830 -0.6061  0.1218  0.4275
1.567   2.293   3.081  0.5086 -0.2736  0.1841
2.747   2.113   2.003  0.0777 -0.3639 -0.3105
2.095   0.303   1.916 -0.1417 -0.5975  0.3998
0.299   1.643   2.740 -0.1325 -0.6464  0.4740
2.710   1.580   2.633  0.3249 -0.0586 -0.1212
1.372   0.404   2.359  0.4897 -0.0348  0.8353
1.831   0.642   2.834 -0.2564 -0.5017  0.0699
0.570   0.658   0.437  0.2481 -0.4313 -0.2059
1.698   1.243   0.092  0.4066 -0.0430  0.0533
0.683   2.850   1.125  0.4952 -0.6827 -0.2331
0.048   0.651   1.755 -0.1886  0.0867 -0.1493
1.990   1.184   0.763 -0.1935  0.3140 -0.1070
2.663   0.904   2.314  0.0256 -0.1928  0.0708
2.083   1.436   2.242  0.2021  0.4450 -0.1180
1.412   0.703   1.180 -0.0318  0.3244 -0.1664
0.764   0.645   2.352  0.4893 -0.0254 -0.3852
1.416   1.321   0.392  0.0388 -0.4423 -0.0783
1.389   1.850   0.045 -0.0850 -0.4513 -0.1915
0.590   1.331   0.656 -0.2946  0.2132 -0.6384
1.048   2.759   0.083 -0.2365  0.5385 -0.3121
0.179   1.302   2.749  0.2786 -0.6829  0.3250
2.740   0.641   0.158 -0.5607 -0.2002  0.0983
2.456   2.182   0.657 -0.5581  0.4215 -0.1251
1.392   2.967   1.919  0.1662 -0.1167 -0.1913
1.773   2.549   0.270  0.3584  0.2807 -0.1316
1.816   2.435   1.593  0.1075  1.0903  0.1065
0.715   0.992   1.380  0.2210 -0.0290 -0.2026
1.321   2.832   1.016  0.3799  0.4344  0.7138
0.920   2.475   2.670  0.6891 -0.6888 -0.2532
0.404   2.182   1.066  0.2582 -0.2850 -0.2769
2.245   1.312   1.097 -0.1528 -0.0492 -0.1254
2.329   0.467   0.365  0.4164  0.3678  0.1359
0.569   2.347   1.228 -0.3713  0.6618 -0.3875
1.755   1.713   2.967  0.1777  0.3555  0.1296
2.859   1.125   0.650 -0.2896  0.0368 -0.0372
1.372   1.000   1.878  0.2772  0.1143  0.2579
1.006   2.219   0.729  0.8541 -0.1612  0.2057
2.591   1.097   0.372  0.2596  0.3830  0.2354
0.756   2.653   0.195 -0.1757  0.3806  0.4230
1.797   0.687   2.147 -0.3496  0.2719 -0.5754
0.052   1.955   1.337  0.4423  0.2815 -0.2359
2.848   2.272   0.519  0.1728  0.4714 -0.6392
2.537   1.266   1.943 -0.1561  0.2036  0.1302
2.263   0.264   2.601 -0.0093  0.5811  0.1076
2.110   2.877   1.113  0.4560  0.0314  0.0068
1.593   2.299   1.839  0.0104 -0.3753  0.6567
0.760   0.783   0.257 -0.0769  0.1971  0.3991
2.839   2.656   1.643 -0.2562 -0.4700 -0.5182
2.520   0.611   2.514  0.0344  0.2614 -0.0613
1.963   2.457   0.809  0.0802  0.0382  0.1775
2.131   0.220   0.676 -0.1422  0.4575  0.3102
2.539   0.319   1.217  0.0470  0.0618  0.5844
2.677   0.474   0.626  0.1619 -0.1617  0.4505
1.361   0.650   2.510  0.2399  0.5435  0.1425
0.963   2.850   1.149 -0.7873  0.3960  0.3724
0.169   2.569   1.340  0.1847 -0.1243 -0.3463
2.163   2.797   1.845  0.0086  0.3852  0.0423
2.664   3.049   2.795  0.5018  0.2562  0.2240
0.056   2.662   0.006  0.0390 -0.2713 -0.4371
0.162   0.286   2.596  0.2248 -0.2410 -0.1675
1.490   0.913   2.562 -0.1950 -0.2957 -0.2351
1.023   1.039   0.286  0.3065 -0.2851 -0.7332
2.444   0.970   1.989  0.0823 -0.0645  0.1021
1.059   0.770   0.906  0.2027 -0.0815 -0.5412
0.549   0.416   3.038 -0.1349  0.5476  0.5325
2.978   1.970   0.159 -0.0527  0.6084 -0.2710
1.874   0.952   2.258  0.4479 -0.2245  0.1605
2.408   2.810   2.692  0.2240  0.4122 -0.2374
2.147   1.409   1.916 -0.0043 -0.4649  0.2760
2.269   3.032   0.182  0.5061 -0.1930 -0.1924
1.524   2.908   0.006 -0.6962  0.2416  0.1424
1.232   2.275   0.885  0.0344  0.2798 -0.0312
1.661   0.907   3.024 -0.2816 -0.0899 -0.0631
0.736   0.606   1.043 -0.7976  0.0427  0.0129
2.793   1.648   2.231 -0.0523  0.2257 -0.0136
0.219   0.327   1.204  0.0281  0.1697  0.3715
2.795   2.953   0.749 -0.1584  0.0651  0.0792
0.297   1.286   2.235 -0.0116  0.2885 -0.1033
2.072   1.420   0.596 -0.5936  0.2961 -0.2114
2.024   0.381   2.700  0.2003 -0.0978  0.3919
0.187   2.519   2.006 -0.3245  0.3172  0.1402
0.896   0.169   1.425  0.6696  0.4516 -0.2080
0.208   2.194   1.297 -0.2760 -0.3090  0.6875
2.507   1.247   1.052 -0.4126  0.1665  0.2637
1.757   0.565   1.558  0.0172 -0.2079  0.0776
1.179   0.760   1.866 -0.6066 -0.2426 -0.2846
2.513   2.384   0.962 -0.2419 -0.4289 -0.0113
0.896   1.674   2.224  0.5636 -0.4365  0.1736
2.425   2.898   1.488  0.0148 -0.1282  0.5317
0.313   2.209   2.040  0.1205  0.1348  0.0805
1.950   0.691   0.683 -0.0916  0.0878  0.3116
1.555   0.568   0.182 -0.0992  0.0624  1.0136
1.158   0.627   2.311  0.0718 -0.5230 -0.2803
0.049   1.382   0.495  0.1413 -0.1204 -0.0643
0.222   0.255   0.818 -0.4194  0.2935  0.2228
2.959   1.210   0.000  0.2096  0.1750 -0.0994
2.460   1.583   0.486  0.5857 -0.9034 -0.3608
0.964   0.177   2.536  0.5310  0.1396 -0.0855
1.764   0.510   2.378 -0.1980  0.6938 -0.0524
2.385   2.880   2.218  0.1801  0.1079 -0.2146
1.091   1.144   0.694  0.1335 -0.3909  0.4202
0.338   1.906   2.602 -0.3081  0.4500 -0.2889
1.137   0.667   2.684 -0.1954 -0.2628  0.6115
2.545   0.266   1.684  1.0649  0.3496 -0.4743
3.036   1.337   1.386  0.7257  0.0177 -0.2352
2.105   2.697   0.412 -0.2948  0.1374 -0.7871
0.184   1.207   0.947 -0.3270 -0.7252  1.0744
0.407   1.576   1.625 -0.2715 -0.0030 -0.1052
1.183   2.262   2.375 -0.5612 -0.1901  0.6323
2.549   1.864   1.159  0.3396  0.2238  0.0760
0.680   1.790   2.532  0.2660 -0.0271 -0.3590
0.368   1.921   0.605  0.4699  0.0576 -0.0595
1.673   0.935   1.147 -0.2859  0.4634 -0.0014
0.651   2.867   2.385 -0.1800 -0.0049  0.4394
1.610   2.925   1.614 -0.4378  0.1197  0.5491
1.935   1.456   0.115  0.4456 -0.0636  0.0867
2.092   2.910   0.586 -0.1536  0.1500 -0.3009
1.713   0.356   1.355 -0.0758 -0.0695 -0.1472
2.240   2.430   0.426 -0.1367  0.0507 -0.4850
0.575   2.232   0.393  0.0690  0.2881  0.2143
2.483   2.986   0.721 -0.0192 -0.6815 -0.0485
1.274   2.756   0.759 -0.7207  0.3048 -0.0413
1.838   2.235   2.736  0.1839 -0.1520  0.4343
0.680   1.501   2.258  0.3829 -0.4779  0.6432
1.161   1.607   0.757 -0.3367 -0.6584  0.4430
0.234   0.682   3.087 -0.1165 -0.6200 -0.1631
2.385   2.834   0.321  0.1831 -0.3556  0.0254
1.836   2.406   1.295 -0.1160 -0.1844  0.3903
2.715   1.912   0.125 -0.3755 -0.5049 -0.0502
0.001   1.376   0.772  0.0604 -0.0867 -0.7436
0.469   1.349   2.644 -0.5201 -0.7553  0.2601
0.661   1.931   1.858  0.0566 -0.1189  0.2319
2.406   1.803   2.156 -0.0237 -0.1423  0.5525
3.055   0.656   3.035 -0.2866 -0.1052  0.1319
1.673   2.915   1.943  0.4161  0.1772  0.1736
1.672   0.264   2.389 -0.1019  0.0885  0.6144
2.647   2.759   0.288  0.2660 -0.3593  0.0021
0.885   0.560   1.282  0.2581 -0.5582  0.3903
2.346   2.124   0.400  0.6077  0.1791  0.5947
3.096   2.694   2.825  0.3168 -0.1485  0.9010
1.048   0.999   3.078 -0.1199 -0.1037 -0.4795
2.039   3.095   2.756  0.2860 -0.0266  0.2662
0.433   1.330   0.090  0.1346  0.5557 -0.2723
0.204   0.660   0.553  0.0946 -0.4598  0.1132
0.329   1.488   0.929  0.4995  0.3406  0.0606
0.562   2.110   2.651 -0.0988 -0.3118  0.2227
0.506   0.720   2.933  0.0794  0.4118  0.3196
2.356   0.842   0.793  0.1769  0.5525 -0.4968
1.878   0.285   0.647  0.0917 -0.2361  0.9936
1.450   1.220   3.074  0.4062 -0.1682  0.2502
2.542   0.223   2.720  0.4544 -0.4493 -0.0613
2.514   2.379   1.854 -0.5699  0.0511  0.2167
2.698   0.493   1.687 -0.2535 -0.1984  0.5285
1.098   0.794   1.328 -0.1904  0.4471  0.4868
0.899   1.024   2.112 -0.4596  0.2487 -0.3730
1.410   0.155   0.317 -0.4549  0.2280  0.1973
2.650   1.090   2.753 -0.1446  0.0319  0.3273
1.315   1.993   2.778 -0.3689  0.2938  0.1804
2.616   1.503   1.800 -0.2617  0.0782 -0.1114
2.907   2.343   0.123  0.6337 -0.6725 -0.4003
2.148   0.051   2.515  0.1622 -0.4404 -0.6200
1.040   0.774   0.224  0.0321  0.1729  0.2317
2.638   2.281   2.205 -0.5007 -0.1324 -0.0288
1.308   2.872   0.258 -0.4656 -0.7294 -0.5410
1.420   0.952   1.275 -1.0239  0.3307 -0.1100
0.509   0.713   1.190  0.1549  0.4171 -0.3098
